0 0.937744140625 0.12272135416666667 0.11279296875 0.072265625
0 0.92919921875 0.013997395833333334 0.0888671875 0.027994791666666668
0 0.81689453125 0.2021484375 0.12255859375 0.07682291666666667
0 0.825927734375 0.3167317708333333 0.060546875 0.15755208333333334
0 0.7578125 0.3597005208333333 0.05517578125 0.15950520833333334
0 0.6923828125 0.3828125 0.0615234375 0.17447916666666666
0 0.61572265625 0.279296875 0.10595703125 0.12890625
0 0.897705078125 0.4173177083333333 0.0556640625 0.06380208333333333
0 0.90478515625 0.4915364583333333 0.046875 0.06380208333333333
0 0.910888671875 0.576171875 0.03955078125 0.06380208333333333
0 0.9130859375 0.6585286458333334 0.0400390625 0.07356770833333333
0 0.91357421875 0.7418619791666666 0.0400390625 0.07747395833333333
0 0.914306640625 0.8219401041666666 0.0380859375 0.07747395833333333
0 0.915771484375 0.9013671875 0.0322265625 0.07682291666666667
0 0.91357421875 0.9694010416666666 0.0322265625 0.061197916666666664
0 0.78564453125 0.9365234375 0.056640625 0.126953125
0 0.76220703125 0.7109375 0.068359375 0.14583333333333334
0 0.093994140625 0.5296223958333334 0.1044921875 0.1328125
0 0.17431640625 0.6595052083333334 0.08447265625 0.14322916666666666
0 0.184814453125 0.9267578125 0.07373046875 0.146484375