0 0.047 0.9748333333333333 0.094 0.050333333333333265
0 0.050625 0.8878333333333334 0.10125 0.09666666666666668
0 0.08175 0.8116666666666666 0.07675000000000001 0.08700000000000004
0 0.068625 0.7054999999999999 0.09125 0.09833333333333331
0 0.65125 0.6166666666666667 0.12749999999999995 0.06366666666666661
0 0.657125 0.7663333333333333 0.10125000000000006 0.06566666666666669
0 0.664375 0.855 0.12149999999999994 0.08499999999999996
0 0.662125 0.9341666666666667 0.123 0.0773333333333334
0 0.65125 0.9863333333333334 0.14474999999999993 0.027333333333333282
0 0.94075 0.9796666666666667 0.11850000000000005 0.04066666666666663
0 0.93275 0.9226666666666667 0.13450000000000006 0.09266666666666652
0 0.95225 0.8463333333333334 0.09549999999999992 0.07533333333333332
0 0.9625 0.4575 0.07250000000000001 0.10799999999999994
0 0.780875 0.527 0.13450000000000006 0.0693333333333334
0 0.7801250000000001 0.414 0.0694999999999999 0.14866666666666672
0 0.854 0.361 0.0694999999999999 0.16599999999999995
0 0.92125 0.3426666666666667 0.07374999999999998 0.18333333333333332
0 0.96825 0.14766666666666667 0.06349999999999989 0.08700000000000001
0 0.974125 0.06949999999999999 0.04049999999999998 0.085
0 0.850375 0.04733333333333334 0.0794999999999999 0.09466666666666668
0 0.023875 0.17566666666666667 0.04775 0.07333333333333332