0 0.356689453125 0.2991536458333333 0.060546875 0.15625
0 0.466552734375 0.2942708333333333 0.060546875 0.142578125
0 0.5361328125 0.2913411458333333 0.05517578125 0.17578125
0 0.592529296875 0.3011067708333333 0.05517578125 0.16796875
0 0.65625 0.3089192708333333 0.05517578125 0.15625
0 0.71923828125 0.2962239583333333 0.05908203125 0.158203125
0 0.777099609375 0.2877604166666667 0.0478515625 0.14453125
0 0.83935546875 0.2828776041666667 0.05908203125 0.154296875
0 0.287109375 0.13020833333333334 0.05810546875 0.19270833333333334
0 0.1953125 0.12923177083333334 0.1171875 0.09049479166666667
0 0.17724609375 0.047200520833333336 0.1044921875 0.06901041666666667