0 0.845703125 0.2669270833333333 0.12841796875 0.08854166666666667
0 0.16064453125 0.7858072916666666 0.072265625 0.14908854166666666
0 0.24853515625 0.8470052083333334 0.0615234375 0.16927083333333334
0 0.314453125 0.8460286458333334 0.05908203125 0.150390625
0 0.54248046875 0.8512369791666666 0.09521484375 0.17057291666666666
0 0.57373046875 0.5078125 0.1337890625 0.07291666666666667
0 0.56005859375 0.3489583333333333 0.13623046875 0.07161458333333333
0 0.86572265625 0.8909505208333334 0.09619140625 0.150390625
0 0.977294921875 0.7825520833333334 0.04541015625 0.08658854166666667
0 0.8837890625 0.7099609375 0.1181640625 0.142578125
0 0.989501953125 0.6285807291666666 0.02099609375 0.059895833333333336
0 0.961669921875 0.3470052083333333 0.07666015625 0.07356770833333333
0 0.9638671875 0.2626953125 0.072265625 0.078125
0 0.966552734375 0.1787109375 0.06689453125 0.07942708333333333
0 0.962890625 0.031575520833333336 0.07421875 0.06315104166666667
0 0.832763671875 0.0244140625 0.13037109375 0.048828125
0 0.830078125 0.10026041666666667 0.1220703125 0.08919270833333333
0 0.841552734375 0.1787109375 0.126953125 0.07942708333333333
0 0.843017578125 0.3492838541666667 0.1298828125 0.078125
0 0.555419921875 0.2685546875 0.1259765625 0.07486979166666667
0 0.5576171875 0.1875 0.11181640625 0.07291666666666667
0 0.552001953125 0.10384114583333333 0.1298828125 0.07291666666666667
0 0.556884765625 0.026692708333333332 0.126953125 0.053385416666666664
0 0.078369140625 0.9322916666666666 0.115234375 0.06705729166666667