0 0.715125 0.2645 0.14175000000000004 0.08900000000000004
0 0.538125 0.9378333333333333 0.125 0.07766666666666655
0 0.561 0.856 0.11975000000000002 0.0829999999999999
0 0.552625 0.7723333333333334 0.12624999999999997 0.07833333333333344
0 0.547125 0.6925 0.12549999999999994 0.07066666666666666
0 0.543375 0.6135 0.11450000000000005 0.07200000000000006
0 0.54675 0.527 0.12975000000000003 0.06499999999999995
0 0.543875 0.4466666666666667 0.12149999999999994 0.07066666666666672
0 0.54625 0.363 0.11800000000000005 0.06266666666666669
0 0.54125 0.272 0.10824999999999996 0.08366666666666663
0 0.550875 0.9901666666666666 0.14250000000000007 0.01966666666666672
0 0.842125 0.35450000000000004 0.1332500000000001 0.07666666666666666
0 0.850375 0.44366666666666665 0.12375000000000003 0.06899999999999995
0 0.9735 0.4335 0.052999999999999936 0.07066666666666672
0 0.848625 0.5293333333333333 0.13074999999999992 0.06833333333333336
0 0.970375 0.5185000000000001 0.059250000000000025 0.06833333333333336
0 0.971 0.6025 0.05800000000000005 0.06733333333333331
0 0.8456250000000001 0.6103333333333333 0.13549999999999995 0.06433333333333335
0 0.8442500000000001 0.6956666666666668 0.12549999999999994 0.06899999999999995
0 0.974125 0.6851666666666666 0.05174999999999996 0.06199999999999998
0 0.97125 0.7653333333333334 0.057499999999999996 0.0643333333333332
0 0.96775 0.8428333333333334 0.0645 0.0643333333333332
0 0.846 0.8548333333333334 0.1279999999999999 0.06666666666666672
0 0.83725 0.9348333333333333 0.129 0.06966666666666654
0 0.968 0.9208333333333334 0.06400000000000006 0.06666666666666672
0 0.8465 0.9863333333333334 0.12199999999999989 0.027333333333333282
0 0.9638671875 0.9850260416666666 0.072265625 0.029947916666666668