0 0.624375 0.9828333333333333 0.10824999999999996 0.03433333333333325
0 0.553 0.9346666666666668 0.08000000000000007 0.07633333333333336
0 0.57125 0.8431666666666667 0.1280000000000001 0.07166666666666661
0 0.560375 0.7578333333333332 0.12074999999999997 0.06899999999999995
0 0.5555 0.6825 0.11499999999999999 0.06966666666666661
0 0.5593750000000001 0.6036666666666667 0.12274999999999997 0.06866666666666665
0 0.566375 0.5225000000000001 0.11250000000000004 0.05900000000000002
0 0.55675 0.44183333333333336 0.127 0.07066666666666672
0 0.55425 0.35833333333333334 0.12600000000000006 0.07566666666666666
0 0.55625 0.2743333333333334 0.12325000000000003 0.06799999999999999
0 0.557125 0.1935 0.12024999999999997 0.07066666666666666
0 0.568875 0.107 0.12224999999999997 0.073
0 0.561 0.029333333333333333 0.127 0.058666666666666666
0 0.838375 0.025833333333333333 0.129 0.051666666666666666
0 0.961875 0.030833333333333334 0.07624999999999993 0.06166666666666667
0 0.96425 0.10366666666666667 0.0714999999999999 0.06533333333333334
0 0.968125 0.18716666666666668 0.06374999999999997 0.06799999999999999
0 0.967875 0.26816666666666666 0.06424999999999992 0.0736666666666667
0 0.9722500000000001 0.35133333333333333 0.055499999999999994 0.07033333333333332
0 0.970375 0.43016666666666664 0.059250000000000025 0.06400000000000006
0 0.97175 0.5131666666666667 0.056499999999999995 0.06199999999999998
0 0.8296250000000001 0.5175 0.1280000000000001 0.06266666666666672
0 0.852875 0.43883333333333335 0.13175000000000003 0.06999999999999999
0 0.836875 0.35250000000000004 0.13975000000000004 0.07566666666666666
0 0.8582500000000001 0.27016666666666667 0.127 0.0776666666666667
0 0.854125 0.1835 0.13624999999999998 0.07500000000000001
0 0.84375 0.10183333333333333 0.11925000000000008 0.06799999999999999
0 0.84075 0.5998333333333333 0.125 0.0696666666666667
0 0.84975 0.6806666666666668 0.12274999999999991 0.06966666666666661
0 0.96675 0.6803333333333333 0.0665 0.07833333333333337
0 0.9725 0.7601666666666667 0.05499999999999994 0.06966666666666654
0 0.846125 0.7666666666666667 0.12325000000000008 0.06733333333333331
0 0.839375 0.8431666666666667 0.131 0.07433333333333329
0 0.971 0.8418333333333333 0.05800000000000005 0.07066666666666659
0 0.97075 0.9185 0.058499999999999996 0.06600000000000013
0 0.851625 0.9255 0.1352500000000001 0.07633333333333336