0 0.5390625 0.8642578125 0.056640625 0.18359375
0 0.796630859375 0.7955729166666666 0.05078125 0.162109375
0 0.806640625 0.6171875 0.05908203125 0.15234375
0 0.824951171875 0.3779296875 0.04931640625 0.16796875
0 0.837890625 0.08723958333333333 0.072265625 0.17447916666666666
0 0.150634765625 0.12141927083333333 0.05517578125 0.171875
0 0.14990234375 0.3557942708333333 0.0537109375 0.162109375
0 0.12255859375 0.5966796875 0.07373046875 0.169921875
0 0.115234375 0.763671875 0.0595703125 0.1640625
0 0.11669921875 0.9384765625 0.056640625 0.123046875
0 0.756103515625 0.9537760416666666 0.06787109375 0.09244791666666667