0 0.8857421875 0.2503255208333333 0.0615234375 0.17643229166666666
0 0.825439453125 0.2587890625 0.05712890625 0.16471354166666666
0 0.820556640625 0.09407552083333333 0.05810546875 0.134765625
0 0.11669921875 0.9801432291666666 0.03466796875 0.039713541666666664
0 0.10693359375 0.9127604166666666 0.03515625 0.068359375
0 0.103515625 0.8414713541666666 0.04052734375 0.061848958333333336
0 0.1015625 0.7666015625 0.0380859375 0.06640625
0 0.094970703125 0.6800130208333334 0.02978515625 0.06705729166666667
0 0.091796875 0.609375 0.0244140625 0.061197916666666664
0 0.08447265625 0.5302734375 0.01953125 0.061197916666666664
0 0.096923828125 0.4488932291666667 0.0517578125 0.06315104166666667
0 0.08984375 0.3733723958333333 0.04052734375 0.061848958333333336
0 0.081787109375 0.2958984375 0.02490234375 0.0625
0 0.08251953125 0.21484375 0.0302734375 0.06380208333333333
0 0.086669921875 0.1328125 0.03271484375 0.0625
0 0.0830078125 0.051106770833333336 0.02587890625 0.060546875
0 0.22119140625 0.20703125 0.05419921875 0.16731770833333334
0 0.20654296875 0.056640625 0.0546875 0.11328125
0 0.298583984375 0.4876302083333333 0.12744140625 0.068359375
0 0.3642578125 0.6243489583333334 0.119140625 0.0625
0 0.4013671875 0.69921875 0.1162109375 0.057291666666666664
0 0.240478515625 0.9075520833333334 0.0576171875 0.138671875
0 0.426025390625 0.8173828125 0.1005859375 0.03125
0 0.51611328125 0.6767578125 0.0517578125 0.09635416666666667
0 0.7587890625 0.8990885416666666 0.064453125 0.17122395833333334
0 0.8310546875 0.8570963541666666 0.0595703125 0.16861979166666666