0 0.86767578125 0.12076822916666667 0.1083984375 0.06770833333333333
0 0.875732421875 0.21158854166666666 0.13037109375 0.06380208333333333
0 0.877685546875 0.2936197916666667 0.123046875 0.07747395833333333
0 0.88720703125 0.3802083333333333 0.13623046875 0.08528645833333333
0 0.8857421875 0.4710286458333333 0.12158203125 0.061848958333333336
0 0.888671875 0.5569661458333334 0.11865234375 0.07161458333333333
0 0.89013671875 0.6409505208333334 0.13037109375 0.08072916666666667
0 0.8974609375 0.7366536458333334 0.13037109375 0.07552083333333333
0 0.883544921875 0.8138020833333334 0.1142578125 0.07552083333333333
0 0.8828125 0.90234375 0.12158203125 0.059895833333333336
0 0.8720703125 0.9749348958333334 0.1259765625 0.050130208333333336