0 0.205810546875 0.712890625 0.04931640625 0.158203125
0 0.399658203125 0.2721354166666667 0.11865234375 0.08658854166666667
0 0.534912109375 0.2858072916666667 0.09716796875 0.07161458333333333
0 0.859375 0.6956380208333334 0.03125 0.169921875
0 0.8134765625 0.6927083333333334 0.0576171875 0.17578125
0 0.751953125 0.6858723958333334 0.06494140625 0.158203125
0 0.686767578125 0.7109375 0.056640625 0.154296875
0 0.629638671875 0.71484375 0.0576171875 0.162109375
0 0.56396484375 0.7001953125 0.05908203125 0.1484375
0 0.5068359375 0.7060546875 0.05517578125 0.1640625
0 0.4482421875 0.7001953125 0.0537109375 0.16015625
0 0.39013671875 0.703125 0.056640625 0.166015625
0 0.3251953125 0.7080078125 0.05078125 0.16796875
0 0.2666015625 0.712890625 0.05517578125 0.158203125
0 0.1494140625 0.720703125 0.048828125 0.142578125