0 0.555125 0.9369999999999999 0.13824999999999998 0.07166666666666661
0 0.561375 0.8606666666666666 0.13674999999999998 0.09033333333333331
0 0.566625 0.778 0.12624999999999997 0.07533333333333332
0 0.56 0.6936666666666667 0.13250000000000006 0.08000000000000007
0 0.557625 0.6063333333333333 0.13325000000000004 0.07633333333333336
0 0.556125 0.5291666666666667 0.11375000000000002 0.078
0 0.559 0.44816666666666666 0.12074999999999997 0.07266666666666666
0 0.555875 0.36166666666666664 0.12975000000000003 0.07633333333333336
0 0.5495 0.2816666666666667 0.13400000000000006 0.078
0 0.553 0.19416666666666668 0.13250000000000006 0.07266666666666666
0 0.552875 0.1175 0.13424999999999998 0.081
0 0.845125 0.11366666666666668 0.12050000000000005 0.07066666666666666
0 0.8405 0.20199999999999999 0.14100000000000001 0.08366666666666668
0 0.833375 0.2853333333333333 0.12274999999999991 0.07666666666666666
0 0.836875 0.36316666666666664 0.14175000000000004 0.078
0 0.849375 0.45083333333333336 0.137 0.07600000000000007
0 0.8465 0.5293333333333333 0.12575000000000003 0.06800000000000006
0 0.848 0.6141666666666666 0.12274999999999991 0.06099999999999994
0 0.842875 0.6890000000000001 0.13050000000000006 0.06833333333333336
0 0.833875 0.773 0.1292500000000001 0.06966666666666654
0 0.842125 0.8506666666666667 0.12725000000000009 0.0693333333333334
0 0.83325 0.9276666666666666 0.1127499999999999 0.07266666666666666
0 0.838875 0.985 0.12650000000000006 0.029999999999999954
0 0.966 0.9771666666666667 0.06800000000000006 0.04566666666666652
0 0.964 0.8443333333333333 0.07200000000000006 0.08100000000000011
0 0.96475 0.7703333333333333 0.07050000000000001 0.07066666666666659
0 0.96475 0.6843333333333333 0.07050000000000001 0.06699999999999995
0 0.97 0.5241666666666667 0.06000000000000005 0.07266666666666666
0 0.9692500000000001 0.4406666666666667 0.06149999999999989 0.078
0 0.9705 0.36033333333333334 0.05899999999999994 0.06533333333333335
0 0.9692500000000001 0.2745 0.06149999999999989 0.0883333333333333
0 0.965 0.19583333333333333 0.07000000000000006 0.06466666666666665
0 0.962125 0.117 0.07574999999999998 0.07166666666666666