0 0.068603515625 0.5146484375 0.12060546875 0.07682291666666667
0 0.064453125 0.7548828125 0.1171875 0.06901041666666667
0 0.659423828125 0.20377604166666666 0.12060546875 0.030598958333333332
0 0.646240234375 0.2744140625 0.14697265625 0.08528645833333333
0 0.652587890625 0.3587239583333333 0.12890625 0.07421875
0 0.655029296875 0.4384765625 0.1240234375 0.07877604166666667
0 0.658203125 0.5179036458333334 0.14013671875 0.080078125
0 0.655029296875 0.6031901041666666 0.12158203125 0.07421875
0 0.650146484375 0.6813151041666666 0.1123046875 0.08203125
0 0.6533203125 0.7542317708333334 0.1396484375 0.064453125
0 0.652587890625 0.8356119791666666 0.12890625 0.06901041666666667
0 0.649658203125 0.9293619791666666 0.11083984375 0.08658854166666667
0 0.65087890625 0.9807942708333334 0.1279296875 0.038411458333333336
0 0.3505859375 0.9791666666666666 0.123046875 0.041666666666666664
0 0.35009765625 0.9222005208333334 0.119140625 0.07552083333333333
0 0.3505859375 0.8404947916666666 0.12060546875 0.07552083333333333
0 0.34521484375 0.7574869791666666 0.1240234375 0.080078125
0 0.345947265625 0.6787109375 0.12548828125 0.057942708333333336
0 0.35791015625 0.5966796875 0.13037109375 0.08658854166666667
0 0.06982421875 0.833984375 0.123046875 0.06901041666666667
0 0.34814453125 0.5179036458333334 0.12060546875 0.06770833333333333
0 0.351806640625 0.4313151041666667 0.123046875 0.064453125
0 0.340576171875 0.3372395833333333 0.13134765625 0.072265625
0 0.34765625 0.23990885416666666 0.1240234375 0.083984375
0 0.0673828125 0.3570963541666667 0.134765625 0.083984375
0 0.06494140625 0.4326171875 0.1298828125 0.07096354166666667
0 0.078857421875 0.91015625 0.119140625 0.07096354166666667
0 0.08056640625 0.9768880208333334 0.1279296875 0.046223958333333336
0 0.065673828125 0.6748046875 0.1171875 0.08203125