0 0.167724609375 0.4567057291666667 0.06640625 0.1640625
0 0.1787109375 0.6302083333333334 0.0654296875 0.171875
0 0.163330078125 0.9833984375 0.060546875 0.033203125
0 0.106201171875 0.98828125 0.05908203125 0.0234375
0 0.04248046875 0.8668619791666666 0.07958984375 0.08072916666666667
0 0.03173828125 0.7819010416666666 0.0634765625 0.061848958333333336
0 0.03173828125 0.6988932291666666 0.05810546875 0.061848958333333336
0 0.029541015625 0.6158854166666666 0.05908203125 0.07356770833333333
0 0.0478515625 0.052408854166666664 0.095703125 0.09244791666666667
0 0.013671875 0.3707682291666667 0.02734375 0.07747395833333333
0 0.014404296875 0.4537760416666667 0.0234375 0.057942708333333336
0 0.015869140625 0.5319010416666666 0.0234375 0.07161458333333333