0 0.894375 0.6961666666666667 0.06075000000000008 0.14866666666666664
0 0.105125 0.6693333333333333 0.12874999999999998 0.09066666666666674
0 0.07187500000000001 0.9691666666666667 0.09125 0.061666666666666536
0 0.7735 0.431 0.123 0.10066666666666668
0 0.598375 0.35000000000000003 0.1087499999999999 0.10433333333333335
0 0.44000000000000006 0.241 0.13025000000000003 0.11799999999999995
0 0.319875 0.16083333333333333 0.11599999999999999 0.11199999999999999
0 0.1795 0.08850000000000001 0.13324999999999998 0.12933333333333333
0 0.613625 0.048999999999999995 0.12149999999999994 0.06966666666666667
0 0.744625 0.04033333333333333 0.12874999999999992 0.07533333333333332
0 0.905875 0.5188333333333334 0.04049999999999998 0.08666666666666674