0 0.74951171875 0.03125 0.1171875 0.061197916666666664
0 0.712158203125 0.14973958333333334 0.1240234375 0.08072916666666667
0 0.711181640625 0.23958333333333334 0.13037109375 0.078125
0 0.395263671875 0.12630208333333334 0.12060546875 0.08203125
0 0.26611328125 0.1455078125 0.12255859375 0.078125
0 0.701171875 0.5442708333333334 0.1328125 0.10481770833333333
0 0.237548828125 0.98828125 0.12060546875 0.0234375
0 0.2294921875 0.9267578125 0.11865234375 0.07942708333333333
0 0.346923828125 0.9251302083333334 0.09814453125 0.07682291666666667
0 0.484375 0.9205729166666666 0.12451171875 0.07161458333333333
0 0.67578125 0.9596354166666666 0.1162109375 0.08072916666666667
0 0.817138671875 0.96875 0.09912109375 0.0625