0 0.861083984375 0.6845703125 0.02783203125 0.19140625
0 0.817138671875 0.6959635416666666 0.0537109375 0.177734375
0 0.75537109375 0.7096354166666666 0.0634765625 0.19075520833333334
0 0.6982421875 0.6868489583333334 0.05029296875 0.15755208333333334
0 0.639404296875 0.6910807291666666 0.05029296875 0.16796875
0 0.5751953125 0.697265625 0.0498046875 0.1640625
0 0.517333984375 0.697265625 0.0478515625 0.177734375
0 0.45703125 0.6995442708333334 0.06103515625 0.16861979166666666
0 0.396240234375 0.7024739583333334 0.0498046875 0.16927083333333334
0 0.33203125 0.736328125 0.0693359375 0.19791666666666666
0 0.26953125 0.7109375 0.0537109375 0.16276041666666666
0 0.8564453125 0.318359375 0.037109375 0.15885416666666666
0 0.811767578125 0.3199869791666667 0.06201171875 0.16080729166666666
0 0.687255859375 0.3196614583333333 0.04833984375 0.15364583333333334
0 0.62890625 0.3190104166666667 0.05029296875 0.15364583333333334
0 0.571044921875 0.3190104166666667 0.048828125 0.16341145833333334
0 0.509033203125 0.33203125 0.05224609375 0.162109375
0 0.450439453125 0.3248697916666667 0.05224609375 0.16080729166666666
0 0.390869140625 0.3297526041666667 0.0537109375 0.15950520833333334
0 0.33056640625 0.3362630208333333 0.04833984375 0.14127604166666666
0 0.26123046875 0.3336588541666667 0.05810546875 0.16341145833333334
0 0.259521484375 0.16080729166666666 0.05810546875 0.162109375
0 0.31884765625 0.1494140625 0.0595703125 0.16861979166666666
0 0.385009765625 0.15559895833333334 0.0498046875 0.16080729166666666
0 0.446533203125 0.16015625 0.0537109375 0.16731770833333334
0 0.508056640625 0.15234375 0.0498046875 0.16471354166666666
0 0.566650390625 0.14876302083333334 0.052734375 0.162109375
0 0.629638671875 0.15201822916666666 0.052734375 0.16731770833333334
0 0.686279296875 0.15787760416666666 0.0517578125 0.15885416666666666
0 0.745849609375 0.15690104166666666 0.0537109375 0.15950520833333334
0 0.8056640625 0.14127604166666666 0.0537109375 0.150390625
0 0.857666015625 0.1689453125 0.03466796875 0.13671875