0 0.63427734375 0.9599609375 0.1083984375 0.080078125
0 0.05712890625 0.7864583333333334 0.1142578125 0.083984375
0 0.056396484375 0.8684895833333334 0.11279296875 0.07421875
0 0.058349609375 0.5439453125 0.11669921875 0.064453125
0 0.3525390625 0.8899739583333334 0.13134765625 0.0625
0 0.364013671875 0.8063151041666666 0.11083984375 0.07552083333333333
0 0.361572265625 0.7291666666666666 0.1181640625 0.059895833333333336
0 0.36279296875 0.6471354166666666 0.13037109375 0.072265625
0 0.3623046875 0.5673828125 0.12158203125 0.064453125
0 0.37353515625 0.4944661458333333 0.13037109375 0.059895833333333336
0 0.366455078125 0.408203125 0.123046875 0.07421875
0 0.3583984375 0.3157552083333333 0.1240234375 0.06901041666666667
0 0.759033203125 0.3157552083333333 0.12158203125 0.072265625
0 0.62939453125 0.3190104166666667 0.13037109375 0.07877604166666667
0 0.6220703125 0.3987630208333333 0.13037109375 0.07096354166666667
0 0.7578125 0.4016927083333333 0.126953125 0.07096354166666667
0 0.06591796875 0.6263020833333334 0.12939453125 0.064453125
0 0.758544921875 0.4775390625 0.12548828125 0.064453125
0 0.627685546875 0.4830729166666667 0.13623046875 0.07552083333333333
0 0.628173828125 0.5595703125 0.13037109375 0.07096354166666667
0 0.75830078125 0.5595703125 0.1279296875 0.061197916666666664
0 0.059326171875 0.4654947916666667 0.11865234375 0.061848958333333336
0 0.056396484375 0.3876953125 0.11279296875 0.083984375
0 0.76318359375 0.63671875 0.13037109375 0.083984375
0 0.054443359375 0.3053385416666667 0.10888671875 0.07161458333333333
0 0.052734375 0.1455078125 0.10546875 0.076171875
0 0.054443359375 0.06673177083333333 0.10888671875 0.076171875
0 0.05224609375 0.014322916666666666 0.1044921875 0.028645833333333332
0 0.325927734375 0.18619791666666666 0.13232421875 0.09700520833333333
0 0.700927734375 0.1767578125 0.12890625 0.076171875
0 0.6943359375 0.09635416666666667 0.12890625 0.07161458333333333
0 0.35986328125 0.011393229166666666 0.12841796875 0.022786458333333332
0 0.06494140625 0.7021484375 0.1298828125 0.07486979166666667
0 0.759033203125 0.9544270833333334 0.12158203125 0.08528645833333333
0 0.760986328125 0.8756510416666666 0.10888671875 0.072265625
0 0.6318359375 0.87890625 0.14013671875 0.07877604166666667
0 0.625732421875 0.8001302083333334 0.123046875 0.06575520833333333
0 0.7548828125 0.7887369791666666 0.12548828125 0.0625
0 0.766357421875 0.7154947916666666 0.1171875 0.064453125
0 0.638916015625 0.71875 0.1279296875 0.07096354166666667
0 0.63525390625 0.6357421875 0.12548828125 0.08203125