0 0.84130859375 0.4156901041666667 0.08984375 0.20052083333333334
0 0.531982421875 0.9586588541666666 0.056640625 0.08268229166666667
0 0.52392578125 0.8291015625 0.06396484375 0.17578125
0 0.662841796875 0.8512369791666666 0.04052734375 0.06901041666666667
0 0.66357421875 0.7682291666666666 0.044921875 0.061848958333333336
0 0.662109375 0.6891276041666666 0.056640625 0.06901041666666667
0 0.6533203125 0.6022135416666666 0.0654296875 0.08072916666666667
0 0.466064453125 0.3466796875 0.0517578125 0.14127604166666666
0 0.5498046875 0.3997395833333333 0.05517578125 0.169921875
0 0.6171875 0.4065755208333333 0.06201171875 0.17903645833333334
0 0.876953125 0.06966145833333333 0.11572265625 0.08854166666666667