0 0.05775 0.5841666666666666 0.1155 0.082
0 0.17825 0.4951666666666667 0.12525000000000003 0.08700000000000004
0 0.165625 0.373 0.05525000000000002 0.14933333333333332
0 0.096375 0.2733333333333334 0.057249999999999995 0.06833333333333336
0 0.093125 0.19683333333333333 0.05000000000000002 0.07066666666666666
0 0.08787500000000001 0.116 0.038000000000000006 0.06200000000000002
0 0.09025 0.034 0.04050000000000001 0.068
0 0.23049999999999998 0.024499999999999997 0.04924999999999999 0.048999999999999995
0 0.39475 0.13583333333333333 0.11724999999999997 0.04033333333333333
0 0.3805 0.4196666666666667 0.12575000000000003 0.15400000000000005
0 0.3025 0.3095 0.07200000000000006 0.19100000000000006
0 0.23262500000000003 0.3275 0.059500000000000025 0.17966666666666664
0 0.34925 0.8031666666666667 0.12775000000000003 0.07433333333333329
0 0.33525 0.892 0.17100000000000004 0.0866666666666666
0 0.356875 0.9634999999999999 0.12624999999999997 0.0730000000000001
0 0.628875 0.7923333333333334 0.12975000000000003 0.07933333333333348
0 0.75625 0.791 0.12624999999999997 0.07266666666666666
0 0.7615000000000001 0.8706666666666667 0.12975000000000003 0.0773333333333334
0 0.630875 0.8766666666666666 0.12274999999999991 0.06699999999999988
0 0.628875 0.9565 0.11999999999999988 0.08700000000000004
0 0.759 0.9566666666666667 0.125 0.08399999999999992
0 0.905 0.15333333333333335 0.09775 0.13066666666666668
0 0.822875 0.04766666666666667 0.08250000000000002 0.09533333333333334