0 0.7575000000000001 0.15416666666666667 0.12024999999999997 0.07166666666666667
0 0.189 0.6008333333333334 0.13750000000000004 0.139
0 0.330125 0.6711666666666667 0.11275000000000002 0.11366666666666674
0 0.44725000000000004 0.7473333333333333 0.11575000000000002 0.12333333333333336
0 0.599125 0.8611666666666666 0.11874999999999991 0.12333333333333336
0 0.7685 0.9441666666666667 0.11874999999999991 0.09633333333333323
0 0.628875 0.566 0.12874999999999992 0.06566666666666669
0 0.75325 0.5613333333333334 0.1200000000000001 0.05600000000000005
0 0.755375 0.484 0.12749999999999995 0.08300000000000003
0 0.756875 0.4058333333333333 0.13024999999999998 0.0773333333333334
0 0.75025 0.31333333333333335 0.1260000000000001 0.07733333333333332
0 0.75975 0.241 0.13024999999999998 0.0676666666666667
0 0.755375 0.07883333333333334 0.11575000000000002 0.07933333333333335
0 0.755375 0.018833333333333334 0.11299999999999999 0.03766666666666667
0 0.6215 0.017833333333333333 0.129 0.035666666666666666
0 0.6208750000000001 0.07416666666666666 0.13600000000000012 0.08099999999999999
0 0.6295000000000001 0.15516666666666667 0.11874999999999991 0.08099999999999997
0 0.626625 0.23916666666666667 0.133 0.07133333333333332
0 0.619375 0.31633333333333336 0.1332500000000001 0.07133333333333332
0 0.62375 0.3953333333333333 0.13600000000000012 0.07533333333333332
0 0.62075 0.48150000000000004 0.12749999999999995 0.0816666666666667
0 0.348875 0.4163333333333334 0.122 0.06099999999999994
0 0.35375 0.3303333333333333 0.11450000000000005 0.07866666666666666
0 0.357875 0.25633333333333336 0.10875000000000001 0.06900000000000002
0 0.344125 0.1718333333333333 0.12424999999999997 0.07733333333333332
0 0.354875 0.0835 0.12924999999999998 0.074
0 0.358 0.02316666666666667 0.135 0.04633333333333334
0 0.0505 0.3841666666666667 0.101 0.06766666666666661
0 0.052875 0.30216666666666664 0.10575 0.07733333333333332
0 0.062 0.22583333333333333 0.124 0.06900000000000002
0 0.059000000000000004 0.1436666666666667 0.11800000000000001 0.07866666666666668
0 0.059000000000000004 0.069 0.11800000000000001 0.08033333333333333
0 0.058375 0.0135 0.11675 0.027