0 0.894287109375 0.6962890625 0.060546875 0.1484375
0 0.105224609375 0.6692708333333334 0.12890625 0.09049479166666667
0 0.07177734375 0.9690755208333334 0.09130859375 0.061848958333333336
0 0.7734375 0.4309895833333333 0.123046875 0.10091145833333333
0 0.598388671875 0.3499348958333333 0.10888671875 0.10416666666666667
0 0.43994140625 0.24088541666666666 0.13037109375 0.11783854166666667
0 0.31982421875 0.16080729166666666 0.1162109375 0.11197916666666667
0 0.179443359375 0.08854166666666667 0.13330078125 0.12955729166666666
0 0.613525390625 0.049153645833333336 0.12158203125 0.06966145833333333
0 0.74462890625 0.040364583333333336 0.12890625 0.07552083333333333
0 0.90576171875 0.5188802083333334 0.04052734375 0.08658854166666667