0 0.88575 0.25033333333333335 0.06150000000000011 0.17633333333333337
0 0.8255 0.2588333333333333 0.05725000000000002 0.16466666666666663
0 0.820625 0.09400000000000001 0.05824999999999991 0.135
0 0.11675 0.98 0.0345 0.040000000000000036
0 0.107 0.9126666666666666 0.035250000000000004 0.06833333333333336
0 0.10350000000000001 0.8413333333333334 0.04050000000000001 0.06199999999999998
0 0.10162500000000001 0.7665000000000001 0.038000000000000006 0.06633333333333329
0 0.095 0.6801666666666667 0.03 0.06699999999999995
0 0.09175 0.6095 0.024249999999999994 0.06099999999999994
0 0.084375 0.5303333333333333 0.01949999999999999 0.061333333333333385
0 0.097 0.44883333333333336 0.05199999999999999 0.06300000000000001
0 0.089875 0.3735 0.04050000000000001 0.06166666666666668
0 0.081875 0.296 0.024999999999999994 0.06233333333333335
0 0.0825 0.21483333333333332 0.0305 0.06399999999999999
0 0.08662500000000001 0.13266666666666668 0.03275 0.06233333333333335
0 0.083125 0.051 0.025999999999999995 0.06033333333333333
0 0.22112500000000002 0.207 0.05425000000000002 0.16699999999999995
0 0.206625 0.05666666666666667 0.05475000000000002 0.11333333333333334
0 0.29862500000000003 0.4876666666666667 0.12724999999999997 0.06833333333333336
0 0.36425 0.6244999999999999 0.11924999999999997 0.06266666666666672
0 0.40125 0.6993333333333333 0.11624999999999996 0.057333333333333236
0 0.2405 0.9075000000000001 0.057499999999999996 0.1386666666666668
0 0.42612500000000003 0.8173333333333334 0.10050000000000003 0.03099999999999999
0 0.516 0.6768333333333333 0.05174999999999996 0.09633333333333331
0 0.758875 0.899 0.0645 0.17133333333333342
0 0.8310000000000001 0.8570000000000001 0.05950000000000011 0.16866666666666674