0 0.3525 0.44383333333333336 0.13324999999999998 0.07266666666666666
0 0.060375 0.9778333333333333 0.10800000000000001 0.044333333333333336
0 0.07087500000000002 0.911 0.12400000000000001 0.06699999999999988
0 0.06825 0.8368333333333333 0.13225000000000003 0.07033333333333343
0 0.05425 0.761 0.1085 0.061333333333333385
0 0.058 0.68 0.116 0.06033333333333335
0 0.05475 0.6001666666666666 0.1095 0.06366666666666661
0 0.056 0.5226666666666667 0.112 0.06266666666666672
0 0.06175 0.44333333333333336 0.1235 0.08499999999999996
0 0.06175 0.35683333333333334 0.1235 0.077
0 0.06225 0.2775 0.1245 0.07933333333333333
0 0.057625 0.19499999999999998 0.11525 0.07466666666666666
0 0.052625 0.12066666666666666 0.10525 0.076
0 0.053375 0.043666666666666666 0.10675 0.08700000000000001
0 0.33287500000000003 0.07766666666666668 0.12724999999999997 0.11266666666666668
0 0.35175 0.2853333333333333 0.13650000000000007 0.08600000000000001
0 0.356375 0.363 0.12224999999999997 0.06933333333333336
0 0.33625 0.5286666666666667 0.10724999999999996 0.07699999999999996
0 0.342125 0.6158333333333333 0.129 0.07033333333333329
0 0.35675 0.6961666666666667 0.12475000000000003 0.0883333333333333
0 0.36012500000000003 0.7755000000000001 0.11150000000000004 0.07266666666666666
0 0.368875 0.8418333333333333 0.12550000000000006 0.06033333333333335
0 0.371375 0.9161666666666667 0.12224999999999997 0.07466666666666673
0 0.368 0.9801666666666667 0.12724999999999997 0.03966666666666659
0 0.62825 0.9778333333333333 0.13274999999999992 0.044333333333333336
0 0.628375 0.9238333333333334 0.13224999999999998 0.08833333333333322
0 0.633375 0.8418333333333333 0.13200000000000012 0.07599999999999991
0 0.63375 0.7613333333333334 0.13250000000000006 0.07966666666666662
0 0.63175 0.6823333333333333 0.12850000000000006 0.07166666666666661
0 0.627625 0.603 0.1292500000000001 0.07666666666666666
0 0.6285000000000001 0.5266666666666667 0.139 0.0866666666666666
0 0.6265000000000001 0.44250000000000006 0.12775000000000003 0.08099999999999996
0 0.626875 0.36050000000000004 0.12850000000000006 0.07333333333333336
0 0.6265000000000001 0.2805 0.12775000000000003 0.08133333333333333
0 0.63025 0.19633333333333333 0.1200000000000001 0.08733333333333333
0 0.68425 0.07933333333333335 0.12175000000000002 0.08833333333333333
0 0.7645000000000001 0.19766666666666666 0.12775000000000003 0.06433333333333335
0 0.76925 0.27 0.12074999999999991 0.07066666666666666
0 0.75025 0.35650000000000004 0.11725000000000008 0.07633333333333336
0 0.754875 0.5981666666666666 0.11775000000000002 0.059333333333333314
0 0.761625 0.6813333333333333 0.12450000000000006 0.06400000000000006
0 0.771375 0.7561666666666667 0.11575000000000002 0.06899999999999995
0 0.764375 0.8356666666666667 0.11050000000000004 0.06533333333333324
0 0.7595000000000001 0.9165000000000001 0.11725000000000008 0.06799999999999991
0 0.75925 0.9768333333333333 0.11975000000000002 0.046333333333333414