0 0.34225 0.4315 0.10850000000000004 0.08033333333333337
0 0.34525 0.3591666666666667 0.11475000000000002 0.06433333333333335
0 0.34775 0.27216666666666667 0.11699999999999999 0.06433333333333335
0 0.07137500000000001 0.11466666666666668 0.12675 0.06433333333333333
0 0.07325 0.19416666666666668 0.11100000000000002 0.05966666666666668
0 0.076875 0.277 0.128 0.06100000000000002
0 0.0835 0.37033333333333335 0.12675 0.08033333333333337
0 0.067375 0.4411666666666667 0.13475 0.06433333333333335
0 0.066625 0.5295 0.12675 0.07066666666666672
0 0.654625 0.7933333333333333 0.1280000000000001 0.08366666666666678
0 0.078625 0.6028333333333333 0.134 0.07566666666666662
0 0.081125 0.6896666666666667 0.1365 0.07233333333333329
0 0.08349999999999999 0.7651666666666667 0.1315 0.07233333333333321
0 0.07925 0.8416666666666667 0.13525 0.08033333333333322
0 0.04025 0.961 0.0805 0.078
0 0.367 0.9706666666666667 0.12924999999999998 0.05866666666666672
0 0.93994140625 0.9762369791666666 0.0634765625 0.047526041666666664
0 0.658875 0.6356666666666667 0.13874999999999993 0.07066666666666666
0 0.37475 0.034833333333333334 0.11824999999999997 0.06966666666666667
0 0.509875 0.08566666666666667 0.12549999999999994 0.12866666666666668
0 0.6565 0.30683333333333335 0.13624999999999998 0.06266666666666665
0 0.6445 0.38316666666666666 0.13400000000000012 0.08033333333333337
0 0.642625 0.466 0.1352500000000001 0.06899999999999995
0 0.649875 0.7121666666666666 0.13274999999999992 0.07233333333333321
0 0.34225 0.8464999999999999 0.12324999999999997 0.06766666666666676
0 0.649875 0.8690000000000001 0.123 0.06766666666666676
0 0.65225 0.5528333333333334 0.13274999999999992 0.07566666666666662
0 0.344125 0.5963333333333334 0.12675000000000003 0.07233333333333336
0 0.354875 0.5183333333333333 0.13875000000000004 0.06433333333333335
0 0.33925 0.6783333333333333 0.13150000000000006 0.08533333333333341
0 0.341125 0.762 0.12775000000000003 0.08199999999999985