0 0.830078125 0.9674479166666666 0.083984375 0.06510416666666667
0 0.842529296875 0.013020833333333334 0.06494140625 0.026041666666666668
0 0.67333984375 0.13704427083333334 0.09423828125 0.15625
0 0.615478515625 0.3717447916666667 0.09423828125 0.158203125
0 0.53076171875 0.578125 0.078125 0.154296875
0 0.470703125 0.7350260416666666 0.1025390625 0.1484375
0 0.417236328125 0.9189453125 0.08544921875 0.162109375
0 0.391845703125 0.3294270833333333 0.04052734375 0.177734375
0 0.38818359375 0.16048177083333334 0.0478515625 0.1640625
0 0.33251953125 0.16341145833333334 0.05810546875 0.154296875
0 0.336181640625 0.337890625 0.05078125 0.16796875
0 0.271728515625 0.337890625 0.05810546875 0.1875
0 0.268798828125 0.15299479166666666 0.04638671875 0.16796875
0 0.208740234375 0.15852864583333334 0.056640625 0.171875
0 0.210205078125 0.3369140625 0.056640625 0.177734375
0 0.147705078125 0.16145833333333334 0.04541015625 0.18880208333333334
0 0.15380859375 0.3349609375 0.0537109375 0.162109375
0 0.16015625 0.7054036458333334 0.06103515625 0.166015625
0 0.21240234375 0.6959635416666666 0.05810546875 0.166015625
0 0.282470703125 0.712890625 0.0654296875 0.181640625