0 0.14892578125 0.0419921875 0.0478515625 0.083984375
0 0.200927734375 0.0361328125 0.07080078125 0.072265625
0 0.260986328125 0.05078125 0.04345703125 0.1015625
0 0.31884765625 0.051432291666666664 0.06640625 0.10286458333333333
0 0.386962890625 0.048828125 0.05810546875 0.09765625
0 0.447265625 0.0498046875 0.056640625 0.099609375
0 0.50634765625 0.0400390625 0.0537109375 0.080078125
0 0.5732421875 0.0419921875 0.060546875 0.083984375
0 0.64013671875 0.02734375 0.0517578125 0.0546875
0 0.70751953125 0.03125 0.0478515625 0.0625
0 0.766357421875 0.019856770833333332 0.05517578125 0.039713541666666664
0 0.833740234375 0.020833333333333332 0.05908203125 0.041666666666666664