0 0.643310546875 0.7008463541666666 0.060546875 0.15625
0 0.533447265625 0.7057291666666666 0.060546875 0.142578125
0 0.4638671875 0.7086588541666666 0.05517578125 0.17578125
0 0.407470703125 0.6988932291666666 0.05517578125 0.16796875
0 0.34375 0.6910807291666666 0.05517578125 0.15625
0 0.28076171875 0.7037760416666666 0.05908203125 0.158203125
0 0.222900390625 0.7122395833333334 0.0478515625 0.14453125
0 0.16064453125 0.7171223958333334 0.05908203125 0.154296875
0 0.712890625 0.8697916666666666 0.05810546875 0.19270833333333334
0 0.8046875 0.8707682291666666 0.1171875 0.09049479166666667
0 0.82275390625 0.9527994791666666 0.1044921875 0.06901041666666667