0 0.82763671875 0.4264322916666667 0.0537109375 0.18424479166666666
0 0.7705078125 0.4182942708333333 0.06787109375 0.18229166666666666
0 0.70849609375 0.4111328125 0.056640625 0.16861979166666666
0 0.645263671875 0.419921875 0.06005859375 0.17643229166666666
0 0.579833984375 0.4231770833333333 0.05712890625 0.177734375
0 0.52197265625 0.4251302083333333 0.05859375 0.15169270833333334
0 0.461181640625 0.4212239583333333 0.0546875 0.16080729166666666
0 0.396240234375 0.4254557291666667 0.05712890625 0.17317708333333334
0 0.336181640625 0.4339192708333333 0.05859375 0.17838541666666666
0 0.2705078125 0.4293619791666667 0.0546875 0.17643229166666666
0 0.213134765625 0.4293619791666667 0.060546875 0.17903645833333334
0 0.210205078125 0.059895833333333336 0.05322265625 0.11979166666666667
0 0.276611328125 0.06998697916666667 0.06298828125 0.13997395833333334
0 0.3388671875 0.068359375 0.0576171875 0.13671875
0 0.3974609375 0.07259114583333333 0.05859375 0.14518229166666666
0 0.463134765625 0.06282552083333333 0.05712890625 0.12565104166666666
0 0.52197265625 0.060872395833333336 0.05078125 0.12174479166666667
0 0.58544921875 0.058919270833333336 0.0458984375 0.11783854166666667
0 0.641845703125 0.06477864583333333 0.05126953125 0.12955729166666666
0 0.704833984375 0.0703125 0.05224609375 0.140625
0 0.7626953125 0.064453125 0.0517578125 0.12890625
0 0.82080078125 0.0654296875 0.0546875 0.130859375
0 0.86376953125 0.06608072916666667 0.0224609375 0.13216145833333334