0 0.929443359375 0.1591796875 0.1201171875 0.07356770833333333
0 0.925537109375 0.2392578125 0.1220703125 0.06966145833333333
0 0.92822265625 0.3209635416666667 0.12841796875 0.06705729166666667
0 0.928466796875 0.08170572916666667 0.11669921875 0.07291666666666667
0 0.930419921875 0.3958333333333333 0.12353515625 0.07161458333333333
0 0.052734375 0.9801432291666666 0.046875 0.039713541666666664
0 0.06787109375 0.8483072916666666 0.05322265625 0.146484375
0 0.343505859375 0.9606119791666666 0.1240234375 0.07877604166666667
0 0.337890625 0.8772786458333334 0.11572265625 0.09505208333333333
0 0.3525390625 0.791015625 0.12548828125 0.07747395833333333
0 0.35302734375 0.7027994791666666 0.1240234375 0.07747395833333333
0 0.338134765625 0.6214192708333334 0.1181640625 0.06575520833333333
0 0.34423828125 0.5387369791666666 0.1376953125 0.08723958333333333
0 0.345947265625 0.4606119791666667 0.1337890625 0.06901041666666667
0 0.349365234375 0.3818359375 0.12646484375 0.07552083333333333
0 0.349365234375 0.3024088541666667 0.125 0.08203125
0 0.35693359375 0.21809895833333334 0.12353515625 0.06640625
0 0.345703125 0.134765625 0.12939453125 0.080078125
0 0.363525390625 0.0537109375 0.1103515625 0.080078125
0 0.654052734375 0.15657552083333334 0.1171875 0.07161458333333333
0 0.660888671875 0.23372395833333334 0.1171875 0.08268229166666667
0 0.653076171875 0.314453125 0.13623046875 0.078125
0 0.638427734375 0.4052734375 0.12158203125 0.080078125
0 0.638427734375 0.486328125 0.13134765625 0.07291666666666667
0 0.654296875 0.5696614583333334 0.11474609375 0.076171875
0 0.652587890625 0.6455078125 0.11474609375 0.06901041666666667
0 0.664306640625 0.7213541666666666 0.13134765625 0.08268229166666667
0 0.664794921875 0.7998046875 0.12060546875 0.07356770833333333
0 0.664794921875 0.8883463541666666 0.1220703125 0.09049479166666667
0 0.661376953125 0.9680989583333334 0.11376953125 0.06380208333333333
0 0.92919921875 0.9606119791666666 0.1279296875 0.078125
0 0.92822265625 0.8831380208333334 0.13232421875 0.07486979166666667
0 0.927490234375 0.8056640625 0.1259765625 0.078125
0 0.933837890625 0.7200520833333334 0.12841796875 0.07291666666666667
0 0.933837890625 0.6402994791666666 0.12841796875 0.08203125
0 0.93310546875 0.5621744791666666 0.126953125 0.07356770833333333
0 0.933837890625 0.4772135416666667 0.12841796875 0.083984375