0 0.14013671875 0.970703125 0.1162109375 0.05859375
0 0.14111328125 0.888671875 0.1142578125 0.07552083333333333
0 0.124267578125 0.8089192708333334 0.13916015625 0.07747395833333333
0 0.109130859375 0.736328125 0.1142578125 0.06770833333333333
0 0.11279296875 0.6477864583333334 0.12451171875 0.07552083333333333
0 0.105712890625 0.5598958333333334 0.12158203125 0.07356770833333333
0 0.101318359375 0.4778645833333333 0.11572265625 0.08268229166666667
0 0.0947265625 0.3841145833333333 0.123046875 0.07356770833333333
0 0.098388671875 0.2942708333333333 0.11572265625 0.06380208333333333
0 0.09619140625 0.21712239583333334 0.1201171875 0.07161458333333333
0 0.1005859375 0.13313802083333334 0.111328125 0.07356770833333333
0 0.101318359375 0.048177083333333336 0.11279296875 0.07747395833333333