0 0.828375 0.25183333333333335 0.06325000000000003 0.17666666666666672
0 0.824375 0.9383333333333334 0.07974999999999999 0.12333333333333336
0 0.81475 0.6701666666666667 0.06499999999999995 0.1683333333333333
0 0.76125 0.5018333333333334 0.07200000000000006 0.16500000000000004
0 0.758625 0.284 0.07150000000000012 0.19466666666666663
0 0.50475 0.05583333333333334 0.04800000000000004 0.10333333333333333
0 0.39587500000000003 0.08666666666666667 0.13 0.08233333333333333
0 0.355125 0.024999999999999998 0.13250000000000006 0.049999999999999996
0 0.22212500000000002 0.29350000000000004 0.06574999999999998 0.15133333333333335
0 0.232 0.45849999999999996 0.05399999999999999 0.14633333333333334
0 0.100125 0.5526666666666668 0.05050000000000002 0.06466666666666665
0 0.092 0.47750000000000004 0.036000000000000004 0.06300000000000001
0 0.0945 0.3925 0.046499999999999986 0.06733333333333331
0 0.095875 0.6355000000000001 0.03950000000000001 0.07000000000000006
0 0.226125 0.6691666666666666 0.061 0.146
0 0.095875 0.7146666666666667 0.0315 0.06033333333333335
0 0.099125 0.789 0.036250000000000004 0.06999999999999999
0 0.105375 0.867 0.04325000000000001 0.06566666666666669
0 0.113875 0.944 0.043999999999999984 0.0786666666666666
0 0.25075000000000003 0.9021666666666667 0.0635 0.1473333333333334
0 0.082625 0.30866666666666664 0.0315 0.06299999999999999
0 0.089875 0.22616666666666665 0.047000000000000014 0.06366666666666669
0 0.084375 0.14766666666666667 0.03125 0.06733333333333336
0 0.082375 0.06166666666666667 0.028749999999999998 0.07066666666666666
0 0.082 0.012833333333333334 0.022249999999999992 0.025666666666666667