0 0.83225 0.5433333333333333 0.0665 0.164
0 0.821375 0.36966666666666664 0.06525000000000003 0.17166666666666672
0 0.8366250000000001 0.0165 0.06075000000000008 0.033
0 0.89375 0.011666666666666667 0.059250000000000025 0.023333333333333334
0 0.9575 0.13316666666666668 0.0794999999999999 0.081
0 0.96825 0.21816666666666665 0.06349999999999989 0.06166666666666668
0 0.96825 0.30116666666666664 0.05800000000000005 0.06166666666666668
0 0.970375 0.3841666666666667 0.059250000000000025 0.0733333333333334
0 0.95225 0.9476666666666667 0.09549999999999992 0.09266666666666683
0 0.986375 0.6293333333333333 0.027249999999999996 0.07733333333333332
0 0.985625 0.5463333333333333 0.023249999999999993 0.057999999999999975
0 0.9842500000000001 0.4681666666666667 0.023249999999999993 0.07133333333333332