0 0.84575 0.267 0.12850000000000006 0.0883333333333333
0 0.16075 0.7858333333333333 0.07250000000000001 0.14900000000000002
0 0.24862500000000004 0.8471666666666667 0.06150000000000003 0.16933333333333334
0 0.3145 0.8461666666666666 0.059250000000000025 0.15066666666666664
0 0.542375 0.8513333333333334 0.09499999999999997 0.17033333333333336
0 0.57375 0.5076666666666667 0.1339999999999999 0.07266666666666666
0 0.560125 0.349 0.13600000000000007 0.07166666666666666
0 0.865625 0.8908333333333333 0.09624999999999995 0.15066666666666664
0 0.977375 0.7825000000000001 0.04525000000000001 0.0866666666666666
0 0.883875 0.7098333333333334 0.1180000000000001 0.14233333333333328
0 0.9895 0.6285 0.020999999999999908 0.05966666666666661
0 0.961625 0.3471666666666667 0.07674999999999998 0.0736666666666667
0 0.96375 0.2628333333333333 0.07250000000000001 0.07833333333333337
0 0.9665 0.17866666666666667 0.06699999999999995 0.07933333333333333
0 0.963 0.0315 0.07400000000000007 0.063
0 0.832875 0.024499999999999997 0.13050000000000006 0.048999999999999995
0 0.830125 0.10016666666666667 0.12199999999999989 0.08933333333333333
0 0.8416250000000001 0.17866666666666667 0.127 0.07933333333333333
0 0.843 0.34933333333333333 0.12975000000000003 0.07833333333333332
0 0.5555 0.2685 0.12575000000000003 0.07466666666666666
0 0.557625 0.1875 0.11175000000000002 0.07266666666666666
0 0.552 0.10383333333333333 0.12975000000000003 0.07266666666666666
0 0.557 0.026833333333333334 0.127 0.05366666666666667
0 0.07825 0.9321666666666667 0.11500000000000002 0.06699999999999988