0 0.070556640625 0.8408203125 0.1201171875 0.07356770833333333
0 0.074462890625 0.7607421875 0.1220703125 0.06966145833333333
0 0.07177734375 0.6790364583333334 0.12841796875 0.06705729166666667
0 0.071533203125 0.9182942708333334 0.11669921875 0.07291666666666667
0 0.069580078125 0.6041666666666666 0.12353515625 0.07161458333333333
0 0.947265625 0.019856770833333332 0.046875 0.039713541666666664
0 0.93212890625 0.15169270833333334 0.05322265625 0.146484375
0 0.656494140625 0.039388020833333336 0.1240234375 0.07877604166666667
0 0.662109375 0.12272135416666667 0.11572265625 0.09505208333333333
0 0.6474609375 0.208984375 0.12548828125 0.07747395833333333
0 0.64697265625 0.2972005208333333 0.1240234375 0.07747395833333333
0 0.661865234375 0.3785807291666667 0.1181640625 0.06575520833333333
0 0.65576171875 0.4612630208333333 0.1376953125 0.08723958333333333
0 0.654052734375 0.5393880208333334 0.1337890625 0.06901041666666667
0 0.650634765625 0.6181640625 0.12646484375 0.07552083333333333
0 0.650634765625 0.6975911458333334 0.125 0.08203125
0 0.64306640625 0.7819010416666666 0.12353515625 0.06640625
0 0.654296875 0.865234375 0.12939453125 0.080078125
0 0.636474609375 0.9462890625 0.1103515625 0.080078125
0 0.345947265625 0.8434244791666666 0.1171875 0.07161458333333333
0 0.339111328125 0.7662760416666666 0.1171875 0.08268229166666667
0 0.346923828125 0.685546875 0.13623046875 0.078125
0 0.361572265625 0.5947265625 0.12158203125 0.080078125
0 0.361572265625 0.513671875 0.13134765625 0.07291666666666667
0 0.345703125 0.4303385416666667 0.11474609375 0.076171875
0 0.347412109375 0.3544921875 0.11474609375 0.06901041666666667
0 0.335693359375 0.2786458333333333 0.13134765625 0.08268229166666667
0 0.335205078125 0.2001953125 0.12060546875 0.07356770833333333
0 0.335205078125 0.11165364583333333 0.1220703125 0.09049479166666667
0 0.338623046875 0.031901041666666664 0.11376953125 0.06380208333333333
0 0.07080078125 0.039388020833333336 0.1279296875 0.078125
0 0.07177734375 0.11686197916666667 0.13232421875 0.07486979166666667
0 0.072509765625 0.1943359375 0.1259765625 0.078125
0 0.066162109375 0.2799479166666667 0.12841796875 0.07291666666666667
0 0.066162109375 0.3597005208333333 0.12841796875 0.08203125
0 0.06689453125 0.4378255208333333 0.126953125 0.07356770833333333
0 0.066162109375 0.5227864583333334 0.12841796875 0.083984375