0 0.821044921875 0.9781901041666666 0.05810546875 0.043619791666666664
0 0.757568359375 0.9830729166666666 0.04638671875 0.033854166666666664
0 0.149169921875 0.712890625 0.04833984375 0.17838541666666666
0 0.2138671875 0.6979166666666666 0.06103515625 0.15950520833333334
0 0.275390625 0.7024739583333334 0.05859375 0.15755208333333334
0 0.336181640625 0.6910807291666666 0.0595703125 0.17122395833333334
0 0.39697265625 0.7034505208333334 0.05517578125 0.166015625
0 0.45947265625 0.7057291666666666 0.06103515625 0.1796875
0 0.521484375 0.7024739583333334 0.05615234375 0.16861979166666666
0 0.580078125 0.7027994791666666 0.06103515625 0.16796875
0 0.64404296875 0.6979166666666666 0.06201171875 0.17317708333333334
0 0.705078125 0.7005208333333334 0.06005859375 0.16731770833333334
0 0.76611328125 0.6774088541666666 0.07373046875 0.21744791666666666
0 0.828125 0.697265625 0.05078125 0.17708333333333334
0 0.834716796875 0.2962239583333333 0.056640625 0.16927083333333334
0 0.771484375 0.2874348958333333 0.0673828125 0.17708333333333334
0 0.706298828125 0.2809244791666667 0.05810546875 0.17708333333333334
0 0.647216796875 0.2786458333333333 0.072265625 0.17513020833333334
0 0.581298828125 0.2952473958333333 0.05419921875 0.16080729166666666
0 0.519287109375 0.2939453125 0.04833984375 0.18359375
0 0.46142578125 0.2923177083333333 0.05078125 0.17708333333333334
0 0.399169921875 0.3033854166666667 0.04931640625 0.1640625
0 0.33837890625 0.2936197916666667 0.0654296875 0.1796875
0 0.27197265625 0.2858072916666667 0.06298828125 0.16731770833333334
0 0.21044921875 0.2858072916666667 0.06298828125 0.189453125
0 0.155029296875 0.2802734375 0.06005859375 0.16927083333333334