0 0.542236328125 0.3033854166666667 0.0546875 0.177734375
0 0.816650390625 0.2770182291666667 0.08447265625 0.169921875
0 0.660888671875 0.3024088541666667 0.064453125 0.18229166666666666
0 0.602783203125 0.30859375 0.0517578125 0.16276041666666666
0 0.478515625 0.2815755208333333 0.0576171875 0.14322916666666666
0 0.4130859375 0.2893880208333333 0.052734375 0.171875
0 0.352783203125 0.3089192708333333 0.06640625 0.166015625
0 0.29345703125 0.3134765625 0.0546875 0.1484375
0 0.24365234375 0.3251953125 0.04541015625 0.16731770833333334
0 0.18798828125 0.3284505208333333 0.05615234375 0.16276041666666666
0 0.139892578125 0.3238932291666667 0.02978515625 0.169921875
0 0.1416015625 0.6708984375 0.033203125 0.17708333333333334
0 0.18212890625 0.6712239583333334 0.06640625 0.17643229166666666
0 0.24365234375 0.677734375 0.05712890625 0.17578125
0 0.303955078125 0.6783854166666666 0.0595703125 0.17643229166666666
0 0.36328125 0.67578125 0.0537109375 0.17122395833333334
0 0.4228515625 0.6702473958333334 0.0576171875 0.17252604166666666
0 0.47998046875 0.6712239583333334 0.06494140625 0.185546875
0 0.543212890625 0.6686197916666666 0.060546875 0.17057291666666666
0 0.604736328125 0.6692708333333334 0.05517578125 0.17122395833333334
0 0.66455078125 0.6686197916666666 0.06103515625 0.17057291666666666
0 0.727783203125 0.673828125 0.0654296875 0.16015625
0 0.8154296875 0.7457682291666666 0.06640625 0.162109375
0 0.726806640625 0.8525390625 0.04833984375 0.17057291666666666
0 0.672607421875 0.8590494791666666 0.05322265625 0.16080729166666666
0 0.607666015625 0.8336588541666666 0.05712890625 0.15625
0 0.42626953125 0.83984375 0.04443359375 0.15690104166666666
0 0.364013671875 0.8489583333333334 0.0478515625 0.166015625
0 0.307861328125 0.8619791666666666 0.0517578125 0.154296875
0 0.248291015625 0.8525390625 0.048828125 0.14713541666666666
0 0.187744140625 0.8460286458333334 0.05078125 0.15625
0 0.142333984375 0.845703125 0.03466796875 0.15950520833333334