0 0.562 0.9038333333333334 0.14999999999999997 0.07533333333333332
0 0.564375 0.8115 0.13850000000000007 0.07200000000000006
0 0.5553750000000001 0.7316666666666666 0.13450000000000006 0.08133333333333326
0 0.583 0.5501666666666667 0.11749999999999994 0.07066666666666672
0 0.581875 0.4663333333333333 0.12325000000000008 0.0736666666666667
0 0.615625 0.37600000000000006 0.1359999999999999 0.07299999999999995
0 0.54725 0.29916666666666664 0.08200000000000007 0.07133333333333332
0 0.564625 0.20933333333333334 0.12399999999999989 0.08533333333333333
0 0.553625 0.12083333333333333 0.12050000000000005 0.079
0 0.55275 0.03716666666666667 0.11400000000000005 0.07433333333333333
0 0.8445 0.0335 0.11925000000000008 0.06433333333333334
0 0.84125 0.12 0.11525000000000007 0.06500000000000002
0 0.83925 0.20299999999999999 0.125 0.07133333333333332
0 0.560875 0.9691666666666667 0.14199999999999996 0.061666666666666536
0 0.84975 0.28833333333333333 0.1332500000000001 0.06666666666666665
0 0.8675 0.464 0.14775000000000005 0.07200000000000006
0 0.9692500000000001 0.4558333333333333 0.06149999999999989 0.0823333333333333
0 0.963375 0.28950000000000004 0.07325000000000004 0.07666666666666666
0 0.970125 0.207 0.05974999999999997 0.07433333333333336
0 0.96575 0.12583333333333332 0.0685 0.06733333333333336
0 0.9605 0.0425 0.07899999999999996 0.076
0 0.86925 0.5683333333333334 0.1279999999999999 0.06833333333333336
0 0.847375 0.7355 0.11450000000000005 0.06733333333333331
0 0.965375 0.7296666666666667 0.06925000000000003 0.07133333333333347
0 0.964875 0.8079999999999999 0.07024999999999992 0.0730000000000001
0 0.8395 0.8158333333333334 0.1279999999999999 0.058999999999999865
0 0.8285 0.8918333333333334 0.12450000000000006 0.07133333333333347
0 0.9645 0.888 0.07099999999999995 0.07766666666666655
0 0.831375 0.9653333333333333 0.1372500000000001 0.0693333333333334
0 0.9625 0.9671666666666666 0.07499999999999996 0.06566666666666669