0 0.63425 0.9598333333333334 0.10850000000000004 0.08033333333333322
0 0.057125 0.7863333333333333 0.11425 0.08366666666666678
0 0.0565 0.8683333333333333 0.113 0.07400000000000014
0 0.05825 0.544 0.1165 0.06433333333333335
0 0.3525 0.89 0.13150000000000006 0.06266666666666658
0 0.364 0.8063333333333333 0.11099999999999999 0.07566666666666677
0 0.36162500000000003 0.7291666666666666 0.11824999999999997 0.05966666666666676
0 0.36275 0.6471666666666667 0.13050000000000006 0.07233333333333329
0 0.36225 0.5675 0.12175000000000002 0.06433333333333335
0 0.373625 0.49433333333333335 0.13050000000000006 0.05966666666666661
0 0.366375 0.4083333333333334 0.123 0.074
0 0.3585 0.31583333333333335 0.12424999999999997 0.06899999999999999
0 0.759125 0.31583333333333335 0.12175000000000002 0.07233333333333336
0 0.629375 0.319 0.13024999999999998 0.0786666666666667
0 0.622125 0.39866666666666667 0.13050000000000006 0.07066666666666672
0 0.75775 0.4018333333333333 0.12674999999999992 0.07066666666666672
0 0.065875 0.6261666666666666 0.12925 0.06433333333333335
0 0.7585000000000001 0.47750000000000004 0.12549999999999994 0.06433333333333335
0 0.627625 0.4831666666666667 0.13624999999999998 0.07566666666666662
0 0.628125 0.5595 0.13050000000000006 0.07066666666666672
0 0.758375 0.5595 0.1280000000000001 0.06099999999999994
0 0.059375000000000004 0.4653333333333334 0.11875000000000001 0.06199999999999998
0 0.0565 0.38766666666666666 0.113 0.08400000000000007
0 0.76325 0.6366666666666667 0.13024999999999998 0.08366666666666671
0 0.054375 0.30550000000000005 0.10875 0.07133333333333336
0 0.052625 0.1455 0.10525 0.07633333333333335
0 0.054375 0.06683333333333334 0.10875 0.07633333333333332
0 0.052125 0.014166666666666668 0.10425 0.028333333333333335
0 0.325875 0.18616666666666667 0.13224999999999998 0.09699999999999998
0 0.7010000000000001 0.17666666666666667 0.129 0.076
0 0.69425 0.09633333333333333 0.129 0.07133333333333332
0 0.35975 0.011333333333333334 0.12824999999999998 0.02266666666666667
0 0.064875 0.702 0.12975 0.07499999999999996
0 0.759125 0.9543333333333334 0.12175000000000002 0.08533333333333341
0 0.760875 0.8755000000000001 0.1087499999999999 0.07233333333333321
0 0.63175 0.8788333333333332 0.14000000000000012 0.0786666666666666
0 0.62575 0.7999999999999999 0.123 0.06600000000000013
0 0.754875 0.7886666666666667 0.12549999999999994 0.06266666666666658
0 0.76625 0.7155 0.11725000000000008 0.0643333333333332
0 0.639 0.7186666666666667 0.1280000000000001 0.07066666666666659
0 0.635375 0.6358333333333334 0.12549999999999994 0.082