0 0.3525390625 0.4436848958333333 0.13330078125 0.07291666666666667
0 0.060302734375 0.9778645833333334 0.10791015625 0.044270833333333336
0 0.07080078125 0.9111328125 0.1240234375 0.06705729166666667
0 0.068359375 0.8369140625 0.13232421875 0.0703125
0 0.05419921875 0.7610677083333334 0.1083984375 0.061197916666666664
0 0.05810546875 0.6800130208333334 0.1162109375 0.060546875
0 0.0546875 0.6002604166666666 0.109375 0.06380208333333333
0 0.055908203125 0.5227864583333334 0.11181640625 0.0625
0 0.061767578125 0.443359375 0.12353515625 0.08528645833333333
0 0.061767578125 0.3567708333333333 0.12353515625 0.07682291666666667
0 0.062255859375 0.27734375 0.12451171875 0.07942708333333333
0 0.0576171875 0.19498697916666666 0.115234375 0.07486979166666667
0 0.052734375 0.12076822916666667 0.10546875 0.076171875
0 0.053466796875 0.043619791666666664 0.10693359375 0.08723958333333333
0 0.332763671875 0.07779947916666667 0.12744140625 0.11263020833333333
0 0.351806640625 0.2854817708333333 0.13671875 0.0859375
0 0.3564453125 0.3629557291666667 0.1220703125 0.06901041666666667
0 0.336181640625 0.5286458333333334 0.107421875 0.07682291666666667
0 0.342041015625 0.6158854166666666 0.12890625 0.0703125
0 0.356689453125 0.6962890625 0.12451171875 0.08854166666666667
0 0.360107421875 0.775390625 0.111328125 0.07291666666666667
0 0.368896484375 0.841796875 0.12548828125 0.060546875
0 0.371337890625 0.916015625 0.1220703125 0.07486979166666667
0 0.367919921875 0.9801432291666666 0.12744140625 0.039713541666666664
0 0.628173828125 0.9778645833333334 0.1328125 0.044270833333333336
0 0.62841796875 0.923828125 0.13232421875 0.08854166666666667
0 0.63330078125 0.841796875 0.1318359375 0.076171875
0 0.6337890625 0.7613932291666666 0.13232421875 0.07942708333333333
0 0.6318359375 0.6822916666666666 0.12841796875 0.07161458333333333
0 0.627685546875 0.6028645833333334 0.12939453125 0.07682291666666667
0 0.62841796875 0.5266927083333334 0.13916015625 0.08658854166666667
0 0.62646484375 0.4423828125 0.1279296875 0.08072916666666667
0 0.626953125 0.3603515625 0.12841796875 0.07356770833333333
0 0.62646484375 0.2805989583333333 0.1279296875 0.08138020833333333
0 0.63037109375 0.1962890625 0.1201171875 0.08723958333333333
0 0.684326171875 0.07942708333333333 0.12158203125 0.08854166666666667
0 0.764404296875 0.19759114583333334 0.1279296875 0.064453125
0 0.769287109375 0.2698567708333333 0.12060546875 0.07096354166666667
0 0.750244140625 0.3564453125 0.1171875 0.076171875
0 0.7548828125 0.5983072916666666 0.11767578125 0.059244791666666664
0 0.76171875 0.6813151041666666 0.12451171875 0.06380208333333333
0 0.771484375 0.7561848958333334 0.11572265625 0.06901041666666667
0 0.764404296875 0.8356119791666666 0.1103515625 0.06510416666666667
0 0.759521484375 0.9163411458333334 0.1171875 0.06770833333333333
0 0.75927734375 0.9768880208333334 0.11962890625 0.046223958333333336