0 0.853271484375 0.3053385416666667 0.04345703125 0.171875
0 0.804443359375 0.3063151041666667 0.05859375 0.16471354166666666
0 0.739501953125 0.3011067708333333 0.0556640625 0.17122395833333334
0 0.675048828125 0.3053385416666667 0.056640625 0.17252604166666666
0 0.525634765625 0.2779947916666667 0.04931640625 0.17122395833333334
0 0.432861328125 0.32421875 0.0537109375 0.18424479166666666
0 0.365966796875 0.3313802083333333 0.0634765625 0.17057291666666666
0 0.30419921875 0.3297526041666667 0.048828125 0.17122395833333334
0 0.2421875 0.3170572916666667 0.0556640625 0.15625
0 0.53369140625 0.767578125 0.05517578125 0.173828125
0 0.58935546875 0.7587890625 0.05126953125 0.16471354166666666
0 0.68408203125 0.6764322916666666 0.060546875 0.16796875
0 0.745849609375 0.6731770833333334 0.05029296875 0.16796875
0 0.8037109375 0.6604817708333334 0.05908203125 0.16861979166666666
0 0.853515625 0.662109375 0.041015625 0.16536458333333334
0 0.852783203125 0.8414713541666666 0.041015625 0.158203125
0 0.81298828125 0.84375 0.05908203125 0.17708333333333334
0 0.745361328125 0.837890625 0.0498046875 0.14518229166666666
0 0.694580078125 0.8430989583333334 0.06884765625 0.169921875
0 0.43017578125 0.681640625 0.05419921875 0.16731770833333334
0 0.42919921875 0.8515625 0.0517578125 0.15559895833333334
0 0.371826171875 0.8512369791666666 0.05615234375 0.16861979166666666
0 0.37158203125 0.6702473958333334 0.0546875 0.17317708333333334
0 0.310546875 0.6741536458333334 0.0576171875 0.169921875
0 0.314697265625 0.8502604166666666 0.04931640625 0.1640625
0 0.248779296875 0.6793619791666666 0.05078125 0.1640625
0 0.2529296875 0.8489583333333334 0.05322265625 0.16080729166666666
0 0.19677734375 0.8577473958333334 0.05419921875 0.16015625
0 0.14404296875 0.8603515625 0.03564453125 0.16080729166666666
0 0.14208984375 0.6826171875 0.0341796875 0.18359375
0 0.197265625 0.6891276041666666 0.05908203125 0.1484375
0 0.181396484375 0.3190104166666667 0.0517578125 0.173828125
0 0.1376953125 0.3274739583333333 0.025390625 0.15104166666666666