0 0.6455 0.3363333333333334 0.1120000000000001 0.074
0 0.6587500000000001 0.4166666666666667 0.1292500000000001 0.07066666666666672
0 0.660625 0.49783333333333335 0.13250000000000006 0.08833333333333337
0 0.647875 0.5821666666666666 0.129 0.09333333333333327
0 0.650875 0.6675 0.13250000000000006 0.07699999999999996
0 0.6521250000000001 0.7446666666666667 0.13024999999999998 0.07699999999999996
0 0.653375 0.8218333333333333 0.12775000000000003 0.07699999999999996
0 0.646625 0.9093333333333334 0.13874999999999993 0.08533333333333341
0 0.6425 0.9711666666666666 0.11099999999999999 0.05766666666666668
0 0.341625 0.9688333333333333 0.11950000000000005 0.06233333333333343
0 0.353125 0.8996666666666666 0.12549999999999994 0.07233333333333321
0 0.35000000000000003 0.8266666666666667 0.11950000000000005 0.07400000000000014
0 0.347125 0.7373333333333334 0.12775000000000003 0.08199999999999985
0 0.34225 0.6545 0.128 0.06766666666666661
0 0.350125 0.5485 0.12650000000000006 0.07699999999999996
0 0.350625 0.436 0.13024999999999998 0.07699999999999996
0 0.347125 0.23750000000000002 0.12775000000000003 0.0756666666666667
0 0.06912499999999999 0.23333333333333336 0.129 0.08366666666666671
0 0.06612499999999999 0.31949999999999995 0.12299999999999998 0.07233333333333332
0 0.03975 0.4271666666666667 0.0795 0.07866666666666673
0 0.07037500000000001 0.6626666666666666 0.13625 0.07699999999999996
0 0.07150000000000001 0.7405 0.1315 0.06266666666666658
0 0.073375 0.8170000000000001 0.123 0.06766666666666676
0 0.074 0.9623333333333334 0.10025 0.07533333333333332
0 0.661125 0.2511666666666667 0.1339999999999999 0.07700000000000003