0 0.096923828125 0.9690755208333334 0.095703125 0.061848958333333336
0 0.07373046875 0.9091796875 0.0986328125 0.06575520833333333
0 0.09033203125 0.8310546875 0.09716796875 0.07552083333333333
0 0.061279296875 0.7392578125 0.09423828125 0.09244791666666667
0 0.04541015625 0.6012369791666666 0.0908203125 0.13671875
0 0.036865234375 0.490234375 0.07373046875 0.07747395833333333
0 0.04052734375 0.3792317708333333 0.0810546875 0.11002604166666667
0 0.064453125 0.2942708333333333 0.06787109375 0.09049479166666667
0 0.05419921875 0.18912760416666666 0.09130859375 0.08528645833333333
0 0.64697265625 0.021484375 0.11572265625 0.04296875
0 0.647705078125 0.1513671875 0.1025390625 0.08723958333333333
0 0.656494140625 0.240234375 0.1318359375 0.07161458333333333
0 0.64111328125 0.3216145833333333 0.12744140625 0.07161458333333333
0 0.63818359375 0.3955078125 0.12158203125 0.057942708333333336
0 0.931396484375 0.3147786458333333 0.13427734375 0.08528645833333333
0 0.945068359375 0.234375 0.10107421875 0.06380208333333333
0 0.6513671875 0.4866536458333333 0.12451171875 0.061848958333333336
0 0.656494140625 0.5673828125 0.1083984375 0.06575520833333333
0 0.6591796875 0.6513671875 0.123046875 0.059895833333333336
0 0.64990234375 0.7265625 0.13330078125 0.07552083333333333
0 0.6572265625 0.810546875 0.10107421875 0.07747395833333333
0 0.6572265625 0.8876953125 0.12744140625 0.07356770833333333
0 0.649169921875 0.9671223958333334 0.1201171875 0.06575520833333333
0 0.946533203125 0.9573567708333334 0.10693359375 0.07356770833333333
0 0.946533203125 0.8743489583333334 0.10693359375 0.07356770833333333
0 0.953857421875 0.8069661458333334 0.09228515625 0.07356770833333333
0 0.947998046875 0.7298177083333334 0.10400390625 0.06575520833333333
0 0.947998046875 0.6477864583333334 0.10400390625 0.07161458333333333
0 0.946533203125 0.5654296875 0.10693359375 0.06901041666666667
0 0.945068359375 0.4759114583333333 0.10693359375 0.06770833333333333
0 0.94580078125 0.3977864583333333 0.1083984375 0.08072916666666667