0 0.12075 0.9341666666666667 0.11149999999999999 0.07333333333333325
0 0.1215 0.8541666666666666 0.1215 0.07533333333333332
0 0.11425 0.7721666666666667 0.11300000000000002 0.08100000000000011
0 0.11499999999999999 0.6881666666666667 0.10275 0.07900000000000003
0 0.11787500000000001 0.6051666666666667 0.10849999999999999 0.07900000000000003
0 0.117125 0.5211666666666667 0.10699999999999998 0.09266666666666667
0 0.123 0.43816666666666665 0.10699999999999998 0.0773333333333334
0 0.112875 0.35133333333333333 0.11875000000000002 0.07733333333333337
0 0.11425 0.2645 0.11000000000000001 0.057999999999999975
0 0.112875 0.1728333333333333 0.11299999999999999 0.09066666666666667
0 0.11575 0.09466666666666668 0.11000000000000001 0.081
0 0.11787500000000001 0.025166666666666667 0.10849999999999999 0.050333333333333334