0 0.926125 0.6938333333333334 0.05800000000000005 0.1333333333333334
0 0.6451250000000001 0.9853333333333333 0.11575000000000002 0.02933333333333336
0 0.642 0.9225 0.12424999999999997 0.07066666666666659
0 0.646875 0.8445 0.13624999999999998 0.08533333333333341
0 0.6607500000000001 0.7651666666666667 0.12074999999999991 0.06400000000000006
0 0.08475 0.9623333333333334 0.12675 0.07533333333333332
0 0.075625 0.8925000000000001 0.12075000000000001 0.0773333333333334
0 0.084125 0.8176666666666667 0.128 0.06899999999999995
0 0.085875 0.7396666666666666 0.1365 0.07400000000000014
0 0.066 0.6665 0.11825000000000002 0.06599999999999999
0 0.06625 0.5828333333333333 0.1325 0.08533333333333341
0 0.07925 0.014333333333333335 0.13275 0.02866666666666667
0 0.078625 0.08183333333333333 0.1365 0.05800000000000002
0 0.08049999999999999 0.159 0.14975 0.06766666666666665
0 0.068625 0.23866666666666667 0.13725 0.08533333333333333
0 0.0385 0.3785 0.077 0.06599999999999999
0 0.039625 0.45733333333333337 0.07925 0.07866666666666673
0 0.34225 0.0135 0.12775000000000003 0.027
0 0.33387500000000003 0.069 0.12075000000000002 0.07733333333333332
0 0.332625 0.15500000000000003 0.13024999999999998 0.08200000000000002
0 0.336875 0.245 0.12675000000000003 0.09166666666666672
0 0.36462500000000003 0.3873333333333333 0.13624999999999998 0.08700000000000004
0 0.336875 0.5796666666666667 0.129 0.082
0 0.3375 0.6608333333333333 0.12075000000000002 0.07733333333333332
0 0.338625 0.7468333333333333 0.12075000000000002 0.0786666666666666
0 0.34225 0.8281666666666667 0.12075000000000002 0.07400000000000014
0 0.339875 0.9028333333333333 0.12075000000000002 0.08533333333333341
0 0.34225 0.972 0.11350000000000005 0.05600000000000005
0 0.6535 0.03366666666666667 0.13274999999999992 0.06733333333333334
0 0.652875 0.1035 0.13624999999999998 0.07866666666666666
0 0.65225 0.19200000000000003 0.13024999999999998 0.07866666666666666
0 0.65225 0.2748333333333333 0.13024999999999998 0.08700000000000004
0 0.65175 0.438 0.13874999999999993 0.07233333333333336
0 0.65475 0.5208333333333334 0.1399999999999999 0.06766666666666661
0 0.6511250000000001 0.5965 0.1399999999999999 0.074
0 0.6511250000000001 0.6816666666666666 0.13024999999999998 0.06099999999999994
0 0.957375 0.5273333333333333 0.06275000000000008 0.16733333333333342