0 0.71142578125 0.9140625 0.142578125 0.07682291666666667
0 0.48291015625 0.138671875 0.1240234375 0.07682291666666667
0 0.613525390625 0.11783854166666667 0.123046875 0.07421875
0 0.2802734375 0.2610677083333333 0.056640625 0.16731770833333334
0 0.178466796875 0.3258463541666667 0.06494140625 0.16861979166666666
0 0.13525390625 0.3782552083333333 0.0205078125 0.15169270833333334
0 0.155029296875 0.5270182291666666 0.06005859375 0.061197916666666664
0 0.44482421875 0.9329427083333334 0.13037109375 0.09895833333333333
0 0.451171875 0.98828125 0.119140625 0.0234375
0 0.568359375 0.9264322916666666 0.11328125 0.08138020833333333
0 0.85888671875 0.9580078125 0.0322265625 0.08072916666666667