0 0.09075 0.6723333333333333 0.09950000000000002 0.061333333333333385
0 0.062875 0.6045 0.09625 0.0826666666666666
0 0.059375 0.5346666666666667 0.094 0.0693333333333334
0 0.074875 0.4535 0.10175000000000001 0.06633333333333329
0 0.05312499999999999 0.38000000000000006 0.091 0.06000000000000005
0 0.06825 0.2981666666666667 0.09475 0.08300000000000003
0 0.04425 0.20233333333333334 0.0885 0.084
0 0.038375 0.06466666666666666 0.07675 0.12733333333333333
0 0.6475 0.031 0.12424999999999997 0.057999999999999996
0 0.64825 0.09466666666666668 0.12575000000000003 0.07366666666666666
0 0.648625 0.17600000000000002 0.1080000000000001 0.07233333333333335
0 0.6475 0.264 0.12575000000000003 0.07866666666666666
0 0.641625 0.3436666666666666 0.12349999999999994 0.07233333333333336
0 0.649875 0.428 0.129 0.07566666666666662
0 0.64825 0.501 0.12575000000000003 0.06833333333333336
0 0.658375 0.5865 0.13050000000000006 0.09433333333333331
0 0.6451250000000001 0.6723333333333333 0.1120000000000001 0.0713333333333334
0 0.6595 0.7526666666666667 0.1312500000000001 0.06833333333333336
0 0.67125 0.8311666666666667 0.09400000000000008 0.08100000000000011
0 0.658375 0.914 0.12424999999999997 0.07666666666666681
0 0.661875 0.9766666666666667 0.11874999999999991 0.04666666666666656
0 0.944875 0.9725 0.11024999999999996 0.048666666666666636
0 0.9495 0.9068333333333333 0.10099999999999998 0.07466666666666673
0 0.9445 0.7148333333333333 0.11099999999999999 0.08800000000000008
0 0.946875 0.606 0.10175000000000001 0.0776666666666667
0 0.948375 0.4995 0.10175000000000001 0.07566666666666662
0 0.948375 0.42183333333333334 0.10325000000000006 0.07566666666666662
0 0.951875 0.3333333333333333 0.09624999999999995 0.0746666666666667
0 0.9410000000000001 0.25466666666666665 0.11325000000000007 0.07066666666666666
0 0.947625 0.1701666666666667 0.1047499999999999 0.06933333333333332
0 0.945625 0.09616666666666666 0.10725000000000007 0.07033333333333332
0 0.940625 0.027333333333333334 0.11725000000000008 0.048666666666666664