0 0.76025390625 0.2880859375 0.05908203125 0.171875
0 0.864990234375 0.2763671875 0.02001953125 0.16796875
0 0.82177734375 0.2802734375 0.04638671875 0.1640625
0 0.787841796875 0.11848958333333333 0.1318359375 0.09049479166666667
0 0.40576171875 0.7395833333333334 0.111328125 0.09440104166666667
0 0.2734375 0.7174479166666666 0.1044921875 0.08072916666666667
0 0.149169921875 0.291015625 0.04833984375 0.166015625
0 0.206787109375 0.3092447916666667 0.05517578125 0.16796875
0 0.267578125 0.3053385416666667 0.060546875 0.17903645833333334
0 0.329833984375 0.3033854166666667 0.05810546875 0.16796875
0 0.394775390625 0.3033854166666667 0.04931640625 0.19075520833333334
0 0.45703125 0.298828125 0.0517578125 0.169921875
0 0.51708984375 0.2890625 0.0419921875 0.169921875
0 0.58154296875 0.2890625 0.04638671875 0.162109375
0 0.642333984375 0.2890625 0.0517578125 0.162109375
0 0.697998046875 0.2919921875 0.056640625 0.17903645833333334