0 0.325625 0.968 0.09550000000000003 0.06400000000000006
0 0.52025 0.9515000000000001 0.12874999999999998 0.09266666666666652
0 0.657125 0.8646666666666666 0.12749999999999995 0.0773333333333334
0 0.656375 0.7075 0.10275000000000012 0.06766666666666676
0 0.652 0.6283333333333333 0.13450000000000006 0.07533333333333332
0 0.6607500000000001 0.5463333333333333 0.13749999999999996 0.08099999999999996
0 0.670125 0.46900000000000003 0.13024999999999998 0.08099999999999996
0 0.662875 0.3765 0.1359999999999999 0.0773333333333334
0 0.65125 0.29433333333333334 0.13024999999999998 0.08700000000000004
0 0.650625 0.20750000000000002 0.13175000000000003 0.07900000000000003
0 0.0665 0.13233333333333333 0.133 0.07533333333333332
0 0.0665 0.04833333333333334 0.10999999999999999 0.08866666666666667
0 0.655625 0.12066666666666666 0.14775000000000005 0.083
0 0.65925 0.0415 0.11149999999999993 0.083
0 0.34075 0.039666666666666676 0.12875000000000003 0.06366666666666666
0 0.339375 0.11966666666666666 0.12875000000000003 0.07333333333333332
0 0.34375 0.20950000000000002 0.13450000000000006 0.08700000000000002
0 0.347375 0.29150000000000004 0.139 0.07733333333333332
0 0.353125 0.37733333333333335 0.136 0.06766666666666661
0 0.36175 0.5395 0.16200000000000003 0.09066666666666674
0 0.35525 0.45849999999999996 0.13175000000000003 0.06766666666666661
0 0.06725 0.20950000000000002 0.1345 0.07133333333333332
0 0.068625 0.30116666666666664 0.13175 0.08099999999999996
0 0.06725 0.3755 0.123 0.06366666666666661
0 0.065125 0.4546666666666667 0.13025 0.09466666666666675
0 0.068 0.5308333333333334 0.11299999999999999 0.0733333333333334
0 0.073 0.6301666666666667 0.146 0.08300000000000003
0 0.353875 0.6273333333333334 0.12024999999999997 0.06566666666666669