0 0.14013671875 0.970703125 0.1162109375 0.05859375
0 0.14100000000000001 0.8888333333333334 0.11425000000000002 0.07533333333333332
0 0.12437500000000001 0.8088333333333333 0.139 0.0773333333333334
0 0.10925 0.7363333333333334 0.11424999999999999 0.06766666666666676
0 0.112875 0.6476666666666667 0.1245 0.07533333333333332
0 0.105625 0.5598333333333333 0.1215 0.0733333333333334
0 0.10125 0.47783333333333333 0.11575000000000002 0.08300000000000003
0 0.09475 0.3841666666666667 0.123 0.0733333333333334
0 0.098375 0.29433333333333334 0.11574999999999999 0.06366666666666669
0 0.096125 0.21716666666666665 0.12025 0.07133333333333332
0 0.1005 0.13316666666666668 0.11149999999999999 0.07333333333333335
0 0.10125 0.04833333333333333 0.11299999999999999 0.07733333333333335