0 0.835875 0.8415 0.059250000000000025 0.17766666666666678
0 0.8250000000000001 0.6736666666666666 0.05800000000000005 0.16600000000000006
0 0.848125 0.2336666666666667 0.0665 0.17366666666666664
0 0.758375 0.19983333333333334 0.05499999999999994 0.16033333333333336
0 0.911875 0.248 0.05800000000000005 0.18733333333333332
0 0.963875 0.44583333333333336 0.07224999999999993 0.06566666666666669
0 0.969 0.528 0.062000000000000055 0.07133333333333332
0 0.96825 0.6031666666666667 0.06349999999999989 0.08300000000000003
0 0.9726250000000001 0.6795 0.054749999999999965 0.0693333333333334
0 0.983375 0.7556666666666666 0.03325 0.05600000000000005
0 0.98275 0.8328333333333333 0.034499999999999975 0.06366666666666661
0 0.979125 0.9148333333333333 0.041749999999999954 0.0693333333333334