0 0.887939453125 0.046549479166666664 0.09423828125 0.07747395833333333
0 0.88427734375 0.11783854166666667 0.13623046875 0.06901041666666667
0 0.89013671875 0.20084635416666666 0.12158203125 0.07747395833333333
0 0.890869140625 0.2867838541666667 0.1201171875 0.07161458333333333
0 0.892333984375 0.3717447916666667 0.12890625 0.08268229166666667
0 0.890869140625 0.4547526041666667 0.1201171875 0.09049479166666667
0 0.89013671875 0.5397135416666666 0.095703125 0.07552083333333333
0 0.893798828125 0.6168619791666666 0.1083984375 0.07877604166666667
0 0.904541015625 0.7096354166666666 0.12158203125 0.07161458333333333
0 0.89013671875 0.7991536458333334 0.0986328125 0.07747395833333333
0 0.90966796875 0.9612630208333334 0.1318359375 0.07747395833333333
0 0.957275390625 0.8743489583333334 0.08544921875 0.09244791666666667