0 0.06725 0.45 0.1345 0.07666666666666666
0 0.08962500000000001 0.9285 0.136 0.0773333333333334
0 0.08750000000000002 0.8435 0.126 0.061666666666666536
0 0.077375 0.7663333333333333 0.13174999999999998 0.06566666666666669
0 0.0745 0.694 0.14325000000000002 0.07533333333333332
0 0.068 0.6128333333333333 0.136 0.0906666666666666
0 0.06725 0.528 0.1345 0.07900000000000003
0 0.06725 0.36200000000000004 0.12725000000000003 0.06800000000000002
0 0.068875 0.20283333333333334 0.12575 0.07833333333333335
0 0.066875 0.12466666666666666 0.12825 0.07133333333333332
0 0.0685 0.041 0.1265 0.076
0 0.340375 0.03216666666666667 0.134 0.06433333333333334
0 0.351625 0.1185 0.11975000000000002 0.08166666666666667
0 0.34825 0.20066666666666666 0.118 0.07833333333333335
0 0.356625 0.2816666666666667 0.12824999999999998 0.07933333333333333
0 0.34750000000000003 0.3626666666666667 0.12475000000000003 0.0736666666666667
0 0.34575 0.44583333333333336 0.13475000000000004 0.0816666666666667
0 0.34825 0.5285000000000001 0.12649999999999995 0.07466666666666673
0 0.347875 0.6066666666666667 0.12575000000000003 0.0816666666666667
0 0.351625 0.6921666666666667 0.12975000000000003 0.08266666666666674
0 0.34950000000000003 0.7735 0.12549999999999994 0.08033333333333322
0 0.367 0.8546666666666667 0.16300000000000003 0.09799999999999986
0 0.352 0.9375 0.13275000000000003 0.06766666666666676
0 0.652875 0.9463333333333334 0.12674999999999992 0.07566666666666677
0 0.6595 0.8618333333333333 0.13274999999999992 0.09000000000000015
0 0.66425 0.775 0.13274999999999992 0.0773333333333334
0 0.666125 0.6961666666666667 0.13149999999999995 0.09666666666666668
0 0.6535 0.6085 0.12074999999999991 0.07233333333333336
0 0.654625 0.5256666666666666 0.13775000000000004 0.06433333333333335
0 0.655875 0.44849999999999995 0.13274999999999992 0.06766666666666661
0 0.647375 0.36566666666666664 0.12325000000000008 0.06599999999999999
0 0.65475 0.28450000000000003 0.135 0.08699999999999997
0 0.6607500000000001 0.19599999999999998 0.12549999999999994 0.08366666666666668
0 0.6607500000000001 0.114 0.14225 0.08366666666666667
0 0.664875 0.04016666666666666 0.12674999999999992 0.08033333333333333