0 0.879150390625 0.06575520833333333 0.111328125 0.07356770833333333
0 0.87841796875 0.14583333333333334 0.12158203125 0.07552083333333333
0 0.8857421875 0.22786458333333334 0.11279296875 0.08072916666666667
0 0.885009765625 0.3118489583333333 0.1025390625 0.07877604166666667
0 0.882080078125 0.3948567708333333 0.1083984375 0.07877604166666667
0 0.8828125 0.4788411458333333 0.10693359375 0.09244791666666667
0 0.876953125 0.5618489583333334 0.10693359375 0.07747395833333333
0 0.88720703125 0.6487630208333334 0.11865234375 0.07747395833333333
0 0.8857421875 0.7353515625 0.10986328125 0.057942708333333336
0 0.88720703125 0.8271484375 0.11279296875 0.09049479166666667
0 0.88427734375 0.9052734375 0.10986328125 0.08072916666666667
0 0.882080078125 0.9749348958333334 0.1083984375 0.050130208333333336