0 0.549125 0.9756666666666667 0.13474999999999998 0.048666666666666636
0 0.54875 0.9061666666666667 0.11424999999999996 0.07766666666666655
0 0.5503750000000001 0.8255 0.12149999999999994 0.08933333333333326
0 0.54775 0.7414999999999999 0.12400000000000005 0.0686666666666668
0 0.547 0.6561666666666667 0.11299999999999999 0.07900000000000003
0 0.544375 0.5731666666666667 0.11424999999999996 0.06666666666666672
0 0.71825 0.5621666666666667 0.13274999999999992 0.0783333333333333
0 0.841875 0.6503333333333333 0.129 0.07100000000000002
0 0.849125 0.7431666666666668 0.12399999999999989 0.06533333333333324
0 0.8425 0.8213333333333334 0.12450000000000006 0.06766666666666676
0 0.967875 0.8958333333333334 0.06424999999999992 0.06333333333333346
0 0.967 0.9686666666666667 0.06600000000000006 0.06266666666666658
0 0.839875 0.9728333333333333 0.12200000000000011 0.05433333333333342
0 0.84275 0.9043333333333333 0.12200000000000011 0.06833333333333336
0 0.972 0.7271666666666667 0.05600000000000005 0.0686666666666668
0 0.970125 0.8118333333333334 0.05974999999999997 0.07766666666666655