0 0.1135 0.9641666666666667 0.11424999999999999 0.07166666666666661
0 0.112875 0.8926666666666666 0.1245 0.09066666666666674
0 0.10775 0.802 0.11725 0.09066666666666674
0 0.10262500000000001 0.7083333333333334 0.11875 0.07333333333333325
0 0.10337500000000001 0.6293333333333334 0.11424999999999999 0.08099999999999996
0 0.09912500000000002 0.5501666666666667 0.12300000000000001 0.09266666666666667
0 0.10200000000000001 0.47 0.11425000000000002 0.07900000000000003
0 0.103375 0.37833333333333335 0.12299999999999998 0.08499999999999996
0 0.099125 0.29733333333333334 0.11150000000000002 0.08100000000000003
0 0.10125 0.20366666666666666 0.10999999999999999 0.07900000000000001
0 0.10775 0.1245 0.094 0.07133333333333332
0 0.103375 0.04933333333333333 0.10275 0.07133333333333335