0 0.162841796875 0.078125 0.07568359375 0.080078125
0 0.17919921875 0.16341145833333334 0.1083984375 0.07356770833333333
0 0.18994140625 0.2542317708333333 0.1298828125 0.08919270833333333
0 0.142822265625 0.365234375 0.03564453125 0.1015625
0 0.212158203125 0.009765625 0.04541015625 0.01953125
0 0.8525390625 0.12565104166666666 0.044921875 0.07291666666666667
0 0.765869140625 0.13151041666666666 0.12255859375 0.064453125
0 0.60302734375 0.126953125 0.11669921875 0.08072916666666667
0 0.4267578125 0.15950520833333334 0.10595703125 0.09505208333333333
0 0.737060546875 0.837890625 0.1318359375 0.10611979166666667
0 0.854736328125 0.8434244791666666 0.04052734375 0.091796875
0 0.865234375 0.9339192708333334 0.01953125 0.068359375
0 0.2998046875 0.9860026041666666 0.0947265625 0.027994791666666668
0 0.389404296875 0.9378255208333334 0.1103515625 0.12174479166666667
0 0.598388671875 0.9208984375 0.140625 0.08854166666666667