0 0.67431640625 0.031901041666666664 0.095703125 0.06380208333333333
0 0.479736328125 0.048502604166666664 0.12890625 0.09244791666666667
0 0.3427734375 0.13541666666666666 0.12744140625 0.07747395833333333
0 0.343505859375 0.2926432291666667 0.1025390625 0.06770833333333333
0 0.347900390625 0.3717447916666667 0.13427734375 0.07552083333333333
0 0.33935546875 0.4537760416666667 0.1376953125 0.08072916666666667
0 0.329833984375 0.5309244791666666 0.13037109375 0.08072916666666667
0 0.337158203125 0.6233723958333334 0.13623046875 0.07747395833333333
0 0.3486328125 0.7057291666666666 0.13037109375 0.08723958333333333
0 0.349365234375 0.7926432291666666 0.1318359375 0.07877604166666667
0 0.93359375 0.8675130208333334 0.1328125 0.07552083333333333
0 0.93359375 0.9518229166666666 0.10986328125 0.08854166666666667
0 0.344482421875 0.8792317708333334 0.14794921875 0.08268229166666667
0 0.3408203125 0.9586588541666666 0.111328125 0.08268229166666667
0 0.6591796875 0.9602864583333334 0.12890625 0.06380208333333333
0 0.66064453125 0.8802083333333334 0.12890625 0.07356770833333333
0 0.65625 0.7903645833333334 0.13427734375 0.08723958333333333
0 0.652587890625 0.7086588541666666 0.13916015625 0.07747395833333333
0 0.64697265625 0.6227213541666666 0.13623046875 0.06770833333333333
0 0.63818359375 0.4606119791666667 0.162109375 0.09049479166666667
0 0.644775390625 0.5413411458333334 0.1318359375 0.06770833333333333
0 0.932861328125 0.7903645833333334 0.13427734375 0.07161458333333333
0 0.931396484375 0.6988932291666666 0.1318359375 0.08072916666666667
0 0.932861328125 0.6243489583333334 0.123046875 0.06380208333333333
0 0.934814453125 0.5452473958333334 0.13037109375 0.09440104166666667
0 0.931884765625 0.4690755208333333 0.11279296875 0.07356770833333333
0 0.927001953125 0.3697916666666667 0.14599609375 0.08268229166666667
0 0.646240234375 0.3727213541666667 0.1201171875 0.06575520833333333