0 0.120849609375 0.9342447916666666 0.111328125 0.07356770833333333
0 0.12158203125 0.8541666666666666 0.12158203125 0.07552083333333333
0 0.1142578125 0.7721354166666666 0.11279296875 0.08072916666666667
0 0.114990234375 0.6881510416666666 0.1025390625 0.07877604166666667
0 0.117919921875 0.6051432291666666 0.1083984375 0.07877604166666667
0 0.1171875 0.5211588541666666 0.10693359375 0.09244791666666667
0 0.123046875 0.4381510416666667 0.10693359375 0.07747395833333333
0 0.11279296875 0.3512369791666667 0.11865234375 0.07747395833333333
0 0.1142578125 0.2646484375 0.10986328125 0.057942708333333336
0 0.11279296875 0.1728515625 0.11279296875 0.09049479166666667
0 0.11572265625 0.0947265625 0.10986328125 0.08072916666666667
0 0.117919921875 0.025065104166666668 0.1083984375 0.050130208333333336