0 0.178466796875 0.021809895833333332 0.05810546875 0.043619791666666664
0 0.242431640625 0.016927083333333332 0.04638671875 0.033854166666666664
0 0.850830078125 0.287109375 0.04833984375 0.17838541666666666
0 0.7861328125 0.3020833333333333 0.06103515625 0.15950520833333334
0 0.724609375 0.2975260416666667 0.05859375 0.15755208333333334
0 0.663818359375 0.3089192708333333 0.0595703125 0.17122395833333334
0 0.60302734375 0.2965494791666667 0.05517578125 0.166015625
0 0.54052734375 0.2942708333333333 0.06103515625 0.1796875
0 0.478515625 0.2975260416666667 0.05615234375 0.16861979166666666
0 0.419921875 0.2972005208333333 0.06103515625 0.16796875
0 0.35595703125 0.3020833333333333 0.06201171875 0.17317708333333334
0 0.294921875 0.2994791666666667 0.06005859375 0.16731770833333334
0 0.23388671875 0.3225911458333333 0.07373046875 0.21744791666666666
0 0.171875 0.302734375 0.05078125 0.17708333333333334
0 0.165283203125 0.7037760416666666 0.056640625 0.16927083333333334
0 0.228515625 0.7125651041666666 0.0673828125 0.17708333333333334
0 0.293701171875 0.7190755208333334 0.05810546875 0.17708333333333334
0 0.352783203125 0.7213541666666666 0.072265625 0.17513020833333334
0 0.418701171875 0.7047526041666666 0.05419921875 0.16080729166666666
0 0.480712890625 0.7060546875 0.04833984375 0.18359375
0 0.53857421875 0.7076822916666666 0.05078125 0.17708333333333334
0 0.600830078125 0.6966145833333334 0.04931640625 0.1640625
0 0.66162109375 0.7063802083333334 0.0654296875 0.1796875
0 0.72802734375 0.7141927083333334 0.06298828125 0.16731770833333334
0 0.78955078125 0.7141927083333334 0.06298828125 0.189453125
0 0.844970703125 0.7197265625 0.06005859375 0.16927083333333334