0 0.624267578125 0.9827473958333334 0.1083984375 0.034505208333333336
0 0.552978515625 0.9345703125 0.080078125 0.076171875
0 0.5712890625 0.8430989583333334 0.1279296875 0.07161458333333333
0 0.560302734375 0.7578125 0.12060546875 0.06901041666666667
0 0.555419921875 0.6826171875 0.115234375 0.06966145833333333
0 0.559326171875 0.603515625 0.12255859375 0.068359375
0 0.56640625 0.5224609375 0.1123046875 0.059244791666666664
0 0.556640625 0.4417317708333333 0.126953125 0.07096354166666667
0 0.55419921875 0.3583984375 0.1259765625 0.07552083333333333
0 0.55615234375 0.2744140625 0.123046875 0.06770833333333333
0 0.55712890625 0.193359375 0.1201171875 0.07096354166666667
0 0.56884765625 0.10709635416666667 0.1220703125 0.07291666666666667
0 0.56103515625 0.029296875 0.126953125 0.05859375
0 0.83837890625 0.025716145833333332 0.12890625 0.051432291666666664
0 0.9619140625 0.030924479166666668 0.076171875 0.061848958333333336
0 0.96435546875 0.103515625 0.0712890625 0.06510416666666667
0 0.968017578125 0.18717447916666666 0.06396484375 0.06770833333333333
0 0.9677734375 0.2682291666666667 0.064453125 0.07356770833333333
0 0.97216796875 0.3512369791666667 0.0556640625 0.0703125
0 0.970458984375 0.4300130208333333 0.05908203125 0.06380208333333333
0 0.9716796875 0.5130208333333334 0.056640625 0.061848958333333336
0 0.82958984375 0.517578125 0.1279296875 0.0625
0 0.852783203125 0.4388020833333333 0.1318359375 0.0703125
0 0.8369140625 0.3525390625 0.1396484375 0.07552083333333333
0 0.858154296875 0.2701822916666667 0.126953125 0.07747395833333333
0 0.85400390625 0.18359375 0.13623046875 0.07486979166666667
0 0.84375 0.10188802083333333 0.119140625 0.06770833333333333
0 0.8408203125 0.5999348958333334 0.125 0.06966145833333333
0 0.849853515625 0.6806640625 0.12255859375 0.06966145833333333
0 0.966796875 0.6803385416666666 0.06640625 0.078125
0 0.972412109375 0.7600911458333334 0.05517578125 0.06966145833333333
0 0.84619140625 0.7666015625 0.123046875 0.06705729166666667
0 0.83935546875 0.8430989583333334 0.130859375 0.07421875
0 0.970947265625 0.841796875 0.05810546875 0.07096354166666667
0 0.970703125 0.9186197916666666 0.05859375 0.06575520833333333
0 0.8515625 0.9254557291666666 0.13525390625 0.076171875