0 0.6647500000000001 0.25566666666666665 0.123 0.07700000000000003
0 0.774625 0.11866666666666666 0.0794999999999999 0.19299999999999998
0 0.6451250000000001 0.42450000000000004 0.12725000000000009 0.07900000000000003
0 0.652375 0.33383333333333337 0.12725000000000009 0.07533333333333332
0 0.949125 0.44566666666666666 0.10175000000000001 0.07533333333333332
0 0.95425 0.36283333333333334 0.09149999999999991 0.07133333333333332
0 0.957125 0.2836666666666667 0.08574999999999999 0.06366666666666669
0 0.950625 0.042 0.0987499999999999 0.084
0 0.9490000000000001 0.12549999999999997 0.10125000000000006 0.08666666666666666
0 0.94625 0.20366666666666666 0.10749999999999993 0.07333333333333332
0 0.79925 0.6386666666666666 0.12874999999999992 0.13299999999999992
0 0.933875 0.707 0.11149999999999993 0.11200000000000003
0 0.653875 0.024666666666666667 0.12725000000000009 0.04933333333333333
0 0.647375 0.09083333333333334 0.14024999999999999 0.079
0 0.6531250000000001 0.17466666666666666 0.12874999999999992 0.08099999999999997