0 0.16943359375 0.032552083333333336 0.083984375 0.06510416666666667
0 0.157470703125 0.9866536458333334 0.06494140625 0.026692708333333332
0 0.32666015625 0.8629557291666666 0.09423828125 0.15625
0 0.384521484375 0.6282552083333334 0.09423828125 0.158203125
0 0.46923828125 0.421875 0.078125 0.154296875
0 0.529296875 0.2649739583333333 0.1025390625 0.1484375
0 0.582763671875 0.08072916666666667 0.08544921875 0.16145833333333334
0 0.608154296875 0.6705729166666666 0.04052734375 0.177734375
0 0.61181640625 0.8395182291666666 0.0478515625 0.1640625
0 0.66748046875 0.8365885416666666 0.05810546875 0.154296875
0 0.663818359375 0.662109375 0.05078125 0.16796875
0 0.728271484375 0.662109375 0.05810546875 0.1875
0 0.731201171875 0.8470052083333334 0.04638671875 0.16796875
0 0.791259765625 0.8414713541666666 0.056640625 0.171875
0 0.789794921875 0.6630859375 0.056640625 0.177734375
0 0.852294921875 0.8385416666666666 0.04541015625 0.18880208333333334
0 0.84619140625 0.6650390625 0.0537109375 0.162109375
0 0.83984375 0.2945963541666667 0.06103515625 0.166015625
0 0.78759765625 0.3040364583333333 0.05810546875 0.166015625
0 0.717529296875 0.287109375 0.0654296875 0.181640625