0 0.539125 0.8641666666666667 0.056499999999999995 0.18333333333333326
0 0.796625 0.7956666666666666 0.05075000000000007 0.16199999999999992
0 0.80675 0.6171666666666668 0.059250000000000025 0.1523333333333333
0 0.824875 0.37800000000000006 0.049250000000000016 0.1676666666666667
0 0.837875 0.08716666666666667 0.07224999999999993 0.17433333333333334
0 0.150625 0.12133333333333333 0.05499999999999999 0.17200000000000001
0 0.149875 0.35566666666666663 0.053750000000000006 0.16233333333333336
0 0.1225 0.5968333333333333 0.07374999999999998 0.17000000000000007
0 0.115125 0.7636666666666666 0.0595 0.164
0 0.116625 0.9383333333333334 0.056499999999999995 0.12333333333333336
0 0.756125 0.9538333333333333 0.06800000000000006 0.09233333333333338