0 0.658875 0.847 0.12874999999999992 0.07900000000000003
0 0.94625 0.29333333333333333 0.10749999999999993 0.09466666666666668
0 0.667625 0.9866666666666667 0.12575000000000003 0.02666666666666669
0 0.6647500000000001 0.9289999999999999 0.123 0.061666666666666536
0 0.9405 0.48133333333333334 0.119 0.0733333333333334
0 0.953375 0.6183333333333333 0.0867500000000001 0.07699999999999996
0 0.9535 0.7090000000000001 0.09299999999999997 0.07333333333333325
0 0.95575 0.7871666666666667 0.08850000000000002 0.06366666666666661
0 0.95275 0.8671666666666668 0.09450000000000003 0.08499999999999996
0 0.949125 0.9481666666666667 0.10175000000000001 0.061666666666666536
0 0.78625 0.8836666666666667 0.06800000000000006 0.17566666666666672
0 0.320375 0.37433333333333335 0.07100000000000006 0.1486666666666667
0 0.337 0.19783333333333333 0.06074999999999997 0.139
0 0.949875 0.12066666666666666 0.10024999999999995 0.081
0 0.9470000000000001 0.043500000000000004 0.10599999999999998 0.077
0 0.6567500000000001 0.03233333333333333 0.12450000000000006 0.06466666666666666
0 0.95425 0.20550000000000002 0.09149999999999991 0.08499999999999998
0 0.643 0.10916666666666668 0.12575000000000003 0.07333333333333332
0 0.645875 0.19016666666666668 0.13450000000000006 0.08099999999999997
0 0.647375 0.273 0.12575000000000003 0.07733333333333332
0 0.647375 0.3598333333333334 0.1432500000000001 0.06566666666666669
0 0.651 0.44283333333333336 0.12725000000000009 0.0693333333333334
0 0.65825 0.5228333333333334 0.12725000000000009 0.05600000000000005
0 0.65825 0.6086666666666667 0.12149999999999994 0.06166666666666668
0 0.65825 0.6896666666666667 0.12149999999999994 0.0693333333333334
0 0.656 0.7640000000000001 0.13450000000000006 0.07533333333333332