0 0.317138671875 0.8287760416666666 0.08984375 0.17317708333333334
0 0.228515625 0.9791666666666666 0.08984375 0.041666666666666664
0 0.599853515625 0.2884114583333333 0.05712890625 0.17447916666666666
0 0.6572265625 0.2942708333333333 0.0595703125 0.16536458333333334
0 0.71923828125 0.3059895833333333 0.0546875 0.1796875
0 0.779052734375 0.306640625 0.05712890625 0.17447916666666666
0 0.8427734375 0.2991536458333333 0.06005859375 0.17317708333333334
0 0.85888671875 0.7151692708333334 0.0322265625 0.171875
0 0.818603515625 0.7086588541666666 0.06396484375 0.16536458333333334
0 0.750244140625 0.701171875 0.0595703125 0.162109375
0 0.69287109375 0.7086588541666666 0.05029296875 0.14778645833333334
0 0.63623046875 0.7047526041666666 0.052734375 0.162109375
0 0.572998046875 0.6975911458333334 0.06005859375 0.16796875
0 0.434326171875 0.498046875 0.0947265625 0.16861979166666666
0 0.3798828125 0.6712239583333334 0.087890625 0.1484375