0 0.13232421875 0.8792317708333334 0.1083984375 0.06770833333333333
0 0.124267578125 0.7884114583333334 0.13037109375 0.06380208333333333
0 0.122314453125 0.7063802083333334 0.123046875 0.07747395833333333
0 0.11279296875 0.6197916666666666 0.13623046875 0.08528645833333333
0 0.1142578125 0.5289713541666666 0.12158203125 0.061848958333333336
0 0.111328125 0.4430338541666667 0.11865234375 0.07161458333333333
0 0.10986328125 0.3590494791666667 0.13037109375 0.08072916666666667
0 0.1025390625 0.2633463541666667 0.13037109375 0.07552083333333333
0 0.116455078125 0.18619791666666666 0.1142578125 0.07552083333333333
0 0.1171875 0.09765625 0.12158203125 0.059895833333333336
0 0.1279296875 0.025065104166666668 0.1259765625 0.050130208333333336