0 0.43798828125 0.09602864583333333 0.14990234375 0.07552083333333333
0 0.435546875 0.1884765625 0.138671875 0.072265625
0 0.444580078125 0.2682291666666667 0.13427734375 0.08138020833333333
0 0.4169921875 0.4498697916666667 0.11767578125 0.07096354166666667
0 0.418212890625 0.5335286458333334 0.123046875 0.07356770833333333
0 0.38427734375 0.6240234375 0.13623046875 0.07291666666666667
0 0.45263671875 0.7008463541666666 0.08203125 0.07161458333333333
0 0.435302734375 0.7906901041666666 0.1240234375 0.08528645833333333
0 0.4462890625 0.8792317708333334 0.12060546875 0.07877604166666667
0 0.447265625 0.962890625 0.11376953125 0.07421875
0 0.155517578125 0.9664713541666666 0.119140625 0.064453125
0 0.15869140625 0.8798828125 0.115234375 0.06510416666666667
0 0.16064453125 0.796875 0.125 0.07161458333333333
0 0.439208984375 0.030924479166666668 0.14208984375 0.061848958333333336
0 0.150146484375 0.7115885416666666 0.13330078125 0.06640625
0 0.132568359375 0.5361328125 0.14794921875 0.072265625
0 0.03076171875 0.5442708333333334 0.0615234375 0.08203125
0 0.03662109375 0.7106119791666666 0.0732421875 0.07682291666666667
0 0.02978515625 0.79296875 0.0595703125 0.07421875
0 0.0341796875 0.8740234375 0.068359375 0.06705729166666667
0 0.03955078125 0.9573567708333334 0.0791015625 0.076171875
0 0.130859375 0.431640625 0.1279296875 0.068359375
0 0.152587890625 0.2646484375 0.1142578125 0.06705729166666667
0 0.03466796875 0.2701822916666667 0.0693359375 0.07161458333333333
0 0.03515625 0.19205729166666666 0.0703125 0.07291666666666667
0 0.160400390625 0.18424479166666666 0.1279296875 0.059244791666666664
0 0.17138671875 0.10807291666666667 0.12451171875 0.07161458333333333
0 0.035400390625 0.11197916666666667 0.07080078125 0.07747395833333333
0 0.168701171875 0.034505208333333336 0.13720703125 0.06901041666666667
0 0.03759765625 0.032877604166666664 0.0751953125 0.06575520833333333