0 0.1328125 0.0673828125 0.015625 0.134765625
0 0.84912109375 0.4215494791666667 0.0517578125 0.16536458333333334
0 0.791259765625 0.4202473958333333 0.0478515625 0.16536458333333334
0 0.733642578125 0.4241536458333333 0.052734375 0.16666666666666666
0 0.671142578125 0.4072265625 0.052734375 0.16666666666666666
0 0.6044921875 0.4176432291666667 0.052734375 0.16145833333333334
0 0.54541015625 0.41796875 0.05029296875 0.16731770833333334
0 0.485107421875 0.4251302083333333 0.05517578125 0.15559895833333334
0 0.421142578125 0.4283854166666667 0.0517578125 0.16861979166666666
0 0.363037109375 0.4368489583333333 0.0546875 0.16015625
0 0.300048828125 0.4462890625 0.0556640625 0.14322916666666666
0 0.237060546875 0.455078125 0.0498046875 0.15885416666666666
0 0.173828125 0.4475911458333333 0.05419921875 0.16731770833333334
0 0.13427734375 0.4563802083333333 0.0185546875 0.14713541666666666
0 0.17236328125 0.060221354166666664 0.0576171875 0.12044270833333333
0 0.23388671875 0.059895833333333336 0.052734375 0.11979166666666667
0 0.30126953125 0.06477864583333333 0.0517578125 0.12955729166666666
0 0.35986328125 0.057942708333333336 0.0537109375 0.11588541666666667
0 0.42041015625 0.0546875 0.0517578125 0.109375
0 0.482666015625 0.062174479166666664 0.04931640625 0.12434895833333333
0 0.551513671875 0.061848958333333336 0.05322265625 0.12369791666666667
0 0.60986328125 0.06705729166666667 0.0517578125 0.13411458333333334
0 0.669189453125 0.062174479166666664 0.04638671875 0.12434895833333333
0 0.727783203125 0.058268229166666664 0.04736328125 0.11653645833333333
0 0.7919921875 0.053385416666666664 0.0498046875 0.10677083333333333
0 0.84912109375 0.06477864583333333 0.0517578125 0.12955729166666666