0 0.0625 0.9388333333333333 0.10875000000000001 0.06699999999999988
0 0.0615 0.8606666666666666 0.11025000000000001 0.08333333333333333
0 0.058625000000000003 0.783 0.1165 0.07200000000000006
0 0.05775 0.7094999999999999 0.112 0.07233333333333321
0 0.056875 0.6301666666666667 0.11375 0.0763333333333333
0 0.059500000000000004 0.5473333333333333 0.11900000000000001 0.08133333333333341
0 0.052000000000000005 0.4643333333333333 0.10400000000000001 0.06899999999999995
0 0.051625000000000004 0.38400000000000006 0.10325000000000001 0.0776666666666667
0 0.053 0.30616666666666664 0.106 0.0756666666666667
0 0.050375 0.22383333333333333 0.10075 0.07633333333333336
0 0.047 0.14300000000000002 0.094 0.07866666666666668
0 0.043375000000000004 0.06033333333333333 0.08675000000000001 0.07366666666666666
0 0.04725 0.011500000000000002 0.0945 0.023000000000000003
0 0.337125 0.04933333333333333 0.11050000000000004 0.07366666666666667
0 0.344625 0.12783333333333333 0.11975000000000002 0.073
0 0.3405 0.216 0.13075000000000003 0.0736666666666667
0 0.347375 0.29150000000000004 0.12124999999999997 0.07100000000000002
0 0.34950000000000003 0.383 0.12650000000000006 0.06000000000000005
0 0.35825 0.46016666666666667 0.12950000000000006 0.06599999999999999
0 0.34225 0.5383333333333333 0.12350000000000005 0.06333333333333331
0 0.34700000000000003 0.6181666666666666 0.12175000000000002 0.06666666666666672
0 0.344375 0.6946666666666667 0.12124999999999997 0.06466666666666665
0 0.3645 0.7786666666666666 0.13049999999999995 0.07499999999999989
0 0.63175 0.7683333333333334 0.127 0.0786666666666666
0 0.633625 0.6881666666666667 0.11250000000000004 0.0633333333333334
0 0.628875 0.6151666666666668 0.11824999999999997 0.08133333333333341
0 0.633125 0.45483333333333337 0.11624999999999996 0.07933333333333333
0 0.633 0.3758333333333333 0.11575000000000002 0.07933333333333333
0 0.63 0.29350000000000004 0.11975000000000002 0.07100000000000002
0 0.624 0.20850000000000002 0.123 0.08866666666666667
0 0.62925 0.12266666666666666 0.12024999999999997 0.07566666666666666
0 0.623 0.03983333333333334 0.127 0.07966666666666668
0 0.759125 0.039 0.12199999999999989 0.078
0 0.759125 0.12166666666666666 0.13375000000000004 0.08133333333333333
0 0.761375 0.20299999999999999 0.12949999999999995 0.08133333333333333
0 0.760375 0.2838333333333333 0.12650000000000006 0.07500000000000002
0 0.759375 0.3626666666666667 0.13424999999999998 0.0786666666666667
0 0.7585000000000001 0.4498333333333333 0.12749999999999995 0.07633333333333336
0 0.759625 0.528 0.13175000000000003 0.07266666666666666
0 0.7665000000000001 0.6093333333333334 0.12349999999999994 0.07466666666666673
0 0.750125 0.6886666666666666 0.11499999999999999 0.06866666666666672
0 0.75725 0.7701666666666668 0.11575000000000002 0.06766666666666676
0 0.687875 0.9703333333333334 0.13474999999999993 0.059333333333333314