0 0.137939453125 0.6656901041666666 0.02587890625 0.14453125
0 0.174072265625 0.5706380208333334 0.05712890625 0.10677083333333333
0 0.24267578125 0.5950520833333334 0.0537109375 0.17057291666666666
0 0.306640625 0.5804036458333334 0.0517578125 0.16080729166666666
0 0.363037109375 0.5738932291666666 0.05224609375 0.15364583333333334
0 0.42236328125 0.5791015625 0.05126953125 0.16341145833333334
0 0.483154296875 0.5885416666666666 0.04443359375 0.14973958333333334
0 0.543701171875 0.5755208333333334 0.05322265625 0.16927083333333334
0 0.606201171875 0.572265625 0.056640625 0.16796875
0 0.669189453125 0.5748697916666666 0.05078125 0.1640625
0 0.72998046875 0.576171875 0.05322265625 0.16015625
0 0.794677734375 0.591796875 0.0546875 0.16276041666666666
0 0.85302734375 0.5813802083333334 0.0439453125 0.16927083333333334
0 0.855712890625 0.9326171875 0.03857421875 0.134765625
0 0.48681640625 0.9270833333333334 0.046875 0.14583333333333334
0 0.5458984375 0.9410807291666666 0.052734375 0.11783854166666667
0 0.6103515625 0.9280598958333334 0.056640625 0.14388020833333334
0 0.672119140625 0.9462890625 0.05810546875 0.107421875
0 0.737060546875 0.9404296875 0.05615234375 0.119140625
0 0.79833984375 0.939453125 0.05078125 0.12109375
0 0.425048828125 0.935546875 0.05224609375 0.12890625
0 0.364501953125 0.9423828125 0.05224609375 0.115234375
0 0.300048828125 0.9397786458333334 0.05029296875 0.12044270833333333
0 0.24267578125 0.9326171875 0.0556640625 0.134765625
0 0.180908203125 0.9391276041666666 0.05712890625 0.12174479166666667