0 0.146728515625 0.06868489583333333 0.0654296875 0.13736979166666666
0 0.160400390625 0.3050130208333333 0.060546875 0.173828125
0 0.15771484375 0.5166015625 0.05810546875 0.1640625
0 0.169189453125 0.6793619791666666 0.0693359375 0.166015625
0 0.053466796875 0.9622395833333334 0.10693359375 0.07552083333333333
0 0.03173828125 0.8841145833333334 0.0634765625 0.07356770833333333
0 0.02099609375 0.7421875 0.0361328125 0.07161458333333333
0 0.033203125 0.658203125 0.0517578125 0.07356770833333333
0 0.01953125 0.5810546875 0.0390625 0.07747395833333333
0 0.02001953125 0.4895833333333333 0.03173828125 0.08268229166666667
0 0.031005859375 0.265625 0.05078125 0.08268229166666667
0 0.02294921875 0.1787109375 0.03173828125 0.07552083333333333
0 0.028076171875 0.032877604166666664 0.044921875 0.06575520833333333