0 0.853515625 0.419921875 0.04296875 0.17838541666666666
0 0.804443359375 0.4147135416666667 0.0654296875 0.18880208333333334
0 0.74560546875 0.4244791666666667 0.07275390625 0.16015625
0 0.6767578125 0.4287109375 0.052734375 0.19075520833333334
0 0.621826171875 0.4280598958333333 0.04833984375 0.18229166666666666
0 0.5673828125 0.416015625 0.060546875 0.158203125
0 0.504150390625 0.4169921875 0.05029296875 0.158203125
0 0.44091796875 0.4208984375 0.07470703125 0.16015625
0 0.300048828125 0.3974609375 0.056640625 0.16796875
0 0.23193359375 0.3938802083333333 0.05859375 0.16927083333333334
0 0.165283203125 0.3515625 0.0634765625 0.173828125
0 0.2294921875 0.0556640625 0.0634765625 0.111328125
0 0.31396484375 0.046875 0.064453125 0.09375
0 0.443603515625 0.057291666666666664 0.05810546875 0.11458333333333333
0 0.500732421875 0.0673828125 0.05517578125 0.134765625
0 0.560791015625 0.068359375 0.06005859375 0.13671875
0 0.625 0.068359375 0.068359375 0.13671875
0 0.6884765625 0.06477864583333333 0.056640625 0.12955729166666666
0 0.74169921875 0.062174479166666664 0.05078125 0.12434895833333333
0 0.80712890625 0.0576171875 0.052734375 0.115234375
0 0.855712890625 0.0615234375 0.03857421875 0.123046875