0 0.96475 0.4155 0.07050000000000001 0.0653333333333334
0 0.560125 0.9714999999999999 0.13399999999999995 0.057000000000000085
0 0.563875 0.9058333333333334 0.14175000000000004 0.08733333333333348
0 0.556625 0.8275 0.11999999999999994 0.09700000000000013
0 0.5535 0.7358333333333333 0.14325000000000004 0.06999999999999999
0 0.553875 0.6623333333333333 0.13674999999999998 0.06433333333333328
0 0.562875 0.5898333333333333 0.11874999999999991 0.08099999999999996
0 0.56225 0.5055 0.11874999999999991 0.06700000000000002
0 0.5593750000000001 0.42133333333333334 0.12024999999999997 0.09966666666666664
0 0.576875 0.23333333333333336 0.12575000000000003 0.07533333333333332
0 0.5796250000000001 0.1425 0.127 0.07833333333333335
0 0.611375 0.053666666666666675 0.13050000000000006 0.08466666666666667
0 0.863125 0.1393333333333333 0.14375000000000004 0.08466666666666665
0 0.9675 0.1375 0.06499999999999995 0.083
0 0.87 0.25233333333333335 0.1312500000000001 0.08566666666666663
0 0.850125 0.42500000000000004 0.12224999999999997 0.0773333333333334
0 0.838 0.5013333333333333 0.12850000000000006 0.0736666666666667
0 0.835875 0.5810000000000001 0.127 0.07999999999999992
0 0.8395 0.6666666666666666 0.13450000000000006 0.09133333333333334
0 0.8465 0.7516666666666666 0.13775000000000004 0.07566666666666677
0 0.846 0.8221666666666666 0.12824999999999998 0.06766666666666676
0 0.8466250000000001 0.9096666666666667 0.11674999999999991 0.07033333333333343
0 0.8426250000000001 0.9743333333333334 0.11949999999999994 0.05133333333333331
0 0.958875 0.9655 0.08224999999999993 0.06899999999999995
0 0.96475 0.8226666666666667 0.07050000000000001 0.07933333333333348
0 0.9666250000000001 0.7398333333333333 0.06674999999999998 0.07266666666666666
0 0.97175 0.6615 0.056499999999999995 0.07233333333333336
0 0.969 0.5785 0.062000000000000055 0.06499999999999995
0 0.96625 0.4968333333333333 0.0674999999999999 0.06833333333333336