0 0.314208984375 0.716796875 0.0556640625 0.18359375
0 0.85400390625 0.7109375 0.0419921875 0.162109375
0 0.801513671875 0.6806640625 0.06005859375 0.17513020833333334
0 0.73876953125 0.6884765625 0.05322265625 0.19140625
0 0.683349609375 0.7054036458333334 0.05810546875 0.15755208333333334
0 0.624755859375 0.7037760416666666 0.05908203125 0.15104166666666666
0 0.56396484375 0.7184244791666666 0.0556640625 0.18033854166666666
0 0.5029296875 0.7141927083333334 0.05419921875 0.16927083333333334
0 0.4462890625 0.7216796875 0.046875 0.173828125
0 0.381103515625 0.7239583333333334 0.056640625 0.15950520833333334
0 0.16455078125 0.6845703125 0.06005859375 0.17057291666666666
0 0.860595703125 0.3011067708333333 0.02880859375 0.19140625
0 0.81494140625 0.3001302083333333 0.06005859375 0.18684895833333334
0 0.76123046875 0.2994791666666667 0.06396484375 0.181640625
0 0.696044921875 0.3001302083333333 0.0517578125 0.17057291666666666
0 0.637451171875 0.2952473958333333 0.04833984375 0.15104166666666666
0 0.580810546875 0.3072916666666667 0.06298828125 0.16536458333333334
0 0.50830078125 0.3072916666666667 0.06005859375 0.19466145833333334
0 0.449951171875 0.2936197916666667 0.044921875 0.16731770833333334
0 0.391357421875 0.2985026041666667 0.04345703125 0.17708333333333334
0 0.334228515625 0.2864583333333333 0.06396484375 0.16536458333333334
0 0.26904296875 0.2903645833333333 0.05419921875 0.19270833333333334
0 0.20556640625 0.2962239583333333 0.06298828125 0.18489583333333334