0 0.85107421875 0.9576822916666666 0.0478515625 0.08463541666666667
0 0.798583984375 0.9635416666666666 0.07080078125 0.07291666666666667
0 0.738525390625 0.94921875 0.04345703125 0.1015625
0 0.6806640625 0.9482421875 0.06640625 0.103515625
0 0.612548828125 0.951171875 0.05810546875 0.09765625
0 0.552734375 0.9501953125 0.056640625 0.099609375
0 0.4931640625 0.9596354166666666 0.0537109375 0.08072916666666667
0 0.4267578125 0.9576822916666666 0.060546875 0.08463541666666667
0 0.359375 0.9723307291666666 0.0517578125 0.055338541666666664
0 0.2919921875 0.9684244791666666 0.0478515625 0.06315104166666667
0 0.233642578125 0.9801432291666666 0.05517578125 0.039713541666666664
0 0.166259765625 0.9791666666666666 0.05908203125 0.041666666666666664