0 0.549072265625 0.9755859375 0.134765625 0.048828125
0 0.548828125 0.90625 0.1142578125 0.07747395833333333
0 0.55029296875 0.8255208333333334 0.12158203125 0.08919270833333333
0 0.5478515625 0.7415364583333334 0.1240234375 0.068359375
0 0.547119140625 0.65625 0.11279296875 0.07877604166666667
0 0.54443359375 0.5732421875 0.1142578125 0.06640625
0 0.71826171875 0.5621744791666666 0.1328125 0.078125
0 0.841796875 0.650390625 0.12890625 0.07096354166666667
0 0.84912109375 0.7431640625 0.1240234375 0.06510416666666667
0 0.842529296875 0.8212890625 0.12451171875 0.06770833333333333
0 0.9677734375 0.8958333333333334 0.064453125 0.06315104166666667
0 0.967041015625 0.96875 0.06591796875 0.0625
0 0.83984375 0.9729817708333334 0.1220703125 0.054036458333333336
0 0.8427734375 0.904296875 0.1220703125 0.068359375
0 0.971923828125 0.7272135416666666 0.05615234375 0.068359375
0 0.97021484375 0.8118489583333334 0.0595703125 0.07747395833333333