0 0.44873046875 0.7102864583333334 0.06005859375 0.14453125
0 0.394287109375 0.7063802083333334 0.04833984375 0.15299479166666666
0 0.3291015625 0.703125 0.04833984375 0.15625
0 0.719970703125 0.2939453125 0.06298828125 0.17057291666666666
0 0.85302734375 0.6774088541666666 0.0439453125 0.17252604166666666
0 0.601806640625 0.2880859375 0.05322265625 0.18489583333333334
0 0.151123046875 0.6669921875 0.05224609375 0.15755208333333334
0 0.189208984375 0.4869791666666667 0.0966796875 0.16731770833333334
0 0.355224609375 0.2913411458333333 0.046875 0.181640625
0 0.412353515625 0.3072916666666667 0.06005859375 0.17838541666666666
0 0.474609375 0.3098958333333333 0.0517578125 0.18033854166666666
0 0.6591796875 0.3001302083333333 0.05419921875 0.17708333333333334
0 0.759765625 0.7102864583333334 0.05078125 0.1640625
0 0.77685546875 0.3001302083333333 0.05078125 0.1640625
0 0.53955078125 0.296875 0.056640625 0.17708333333333334
0 0.572265625 0.7076822916666666 0.05419921875 0.16927083333333334
0 0.513671875 0.693359375 0.04833984375 0.18489583333333334
0 0.6337890625 0.7141927083333334 0.06396484375 0.17513020833333334
0 0.696533203125 0.7119140625 0.0615234375 0.17057291666666666