0 0.112060546875 0.9534505208333334 0.09423828125 0.07747395833333333
0 0.11572265625 0.8821614583333334 0.13623046875 0.06901041666666667
0 0.10986328125 0.7991536458333334 0.12158203125 0.07747395833333333
0 0.109130859375 0.7132161458333334 0.1201171875 0.07161458333333333
0 0.107666015625 0.6282552083333334 0.12890625 0.08268229166666667
0 0.109130859375 0.5452473958333334 0.1201171875 0.09049479166666667
0 0.10986328125 0.4602864583333333 0.095703125 0.07552083333333333
0 0.106201171875 0.3831380208333333 0.1083984375 0.07877604166666667
0 0.095458984375 0.2903645833333333 0.12158203125 0.07161458333333333
0 0.10986328125 0.20084635416666666 0.0986328125 0.07747395833333333
0 0.09033203125 0.038736979166666664 0.1318359375 0.07747395833333333
0 0.042724609375 0.12565104166666666 0.08544921875 0.09244791666666667