0 0.96484375 0.4153645833333333 0.0703125 0.06510416666666667
0 0.56005859375 0.9713541666666666 0.1337890625 0.057291666666666664
0 0.56396484375 0.9059244791666666 0.1416015625 0.08723958333333333
0 0.556640625 0.8274739583333334 0.1201171875 0.09700520833333333
0 0.553466796875 0.7356770833333334 0.14306640625 0.0703125
0 0.553955078125 0.6624348958333334 0.13671875 0.064453125
0 0.56298828125 0.58984375 0.11865234375 0.08072916666666667
0 0.562255859375 0.5055338541666666 0.11865234375 0.06705729166666667
0 0.559326171875 0.4212239583333333 0.1201171875 0.099609375
0 0.576904296875 0.2333984375 0.1259765625 0.07552083333333333
0 0.57958984375 0.142578125 0.126953125 0.078125
0 0.611328125 0.0537109375 0.13037109375 0.08463541666666667
0 0.863037109375 0.13932291666666666 0.1435546875 0.08463541666666667
0 0.967529296875 0.13736979166666666 0.06494140625 0.08268229166666667
0 0.8701171875 0.2522786458333333 0.13134765625 0.0859375
0 0.85009765625 0.4251302083333333 0.1220703125 0.07747395833333333
0 0.837890625 0.5013020833333334 0.12841796875 0.07356770833333333
0 0.8359375 0.5810546875 0.126953125 0.080078125
0 0.839599609375 0.6666666666666666 0.13427734375 0.09114583333333333
0 0.846435546875 0.7516276041666666 0.1376953125 0.07552083333333333
0 0.845947265625 0.822265625 0.12841796875 0.06770833333333333
0 0.8466796875 0.9095052083333334 0.11669921875 0.0703125
0 0.842529296875 0.9742838541666666 0.11962890625 0.051432291666666664
0 0.958984375 0.9654947916666666 0.08203125 0.06901041666666667
0 0.96484375 0.8225911458333334 0.0703125 0.07942708333333333
0 0.966552734375 0.7399088541666666 0.06689453125 0.07291666666666667
0 0.9716796875 0.6614583333333334 0.056640625 0.072265625
0 0.968994140625 0.5784505208333334 0.06201171875 0.06510416666666667
0 0.96630859375 0.4967447916666667 0.0673828125 0.068359375