0 0.84675 0.9673333333333334 0.12549999999999994 0.06533333333333324
0 0.961375 0.9673333333333334 0.07725000000000004 0.06533333333333324
0 0.958875 0.8898333333333334 0.08224999999999993 0.06999999999999999
0 0.97075 0.8055 0.058499999999999996 0.07066666666666659
0 0.97075 0.7281666666666666 0.058499999999999996 0.06733333333333331
0 0.9735 0.649 0.052999999999999936 0.06033333333333335
0 0.976375 0.5728333333333334 0.047250000000000014 0.06800000000000006
0 0.970125 0.48 0.05974999999999997 0.06999999999999999
0 0.967625 0.4035 0.06474999999999997 0.07433333333333329
0 0.970125 0.32099999999999995 0.05974999999999997 0.07233333333333332
0 0.9645 0.23383333333333334 0.07099999999999995 0.0736666666666667
0 0.97325 0.1565 0.05349999999999999 0.06933333333333332
0 0.971 0.07416666666666667 0.05800000000000005 0.07133333333333335
0 0.967125 0.015333333333333332 0.06574999999999998 0.030666666666666665
0 0.841 0.015166666666666667 0.1140000000000001 0.030333333333333334
0 0.8495 0.0745 0.11824999999999997 0.07966666666666668
0 0.844125 0.15333333333333335 0.11925000000000008 0.07166666666666666
0 0.855125 0.24150000000000002 0.1372500000000001 0.07500000000000002
0 0.841375 0.8906666666666667 0.12549999999999994 0.06666666666666672
0 0.82825 0.8111666666666667 0.12125000000000008 0.07266666666666666
0 0.84875 0.7341666666666667 0.13000000000000012 0.06633333333333329
0 0.8415 0.6545 0.12674999999999992 0.07600000000000007
0 0.855625 0.5713333333333334 0.12749999999999995 0.06999999999999999
0 0.851375 0.48383333333333334 0.12949999999999995 0.07066666666666672
0 0.844125 0.405 0.12650000000000006 0.06366666666666661
0 0.84175 0.32349999999999995 0.1312500000000001 0.06833333333333332
0 0.55975 0.9728333333333333 0.11824999999999997 0.05433333333333342
0 0.5585 0.8993333333333333 0.12549999999999994 0.09000000000000015
0 0.565125 0.8118333333333334 0.12024999999999997 0.0686666666666668
0 0.556625 0.7316666666666666 0.13224999999999998 0.07633333333333336
0 0.55775 0.6528333333333334 0.11725000000000002 0.06066666666666665
0 0.55775 0.5708333333333334 0.12199999999999994 0.06066666666666665
0 0.553625 0.494 0.11775000000000002 0.06333333333333331
0 0.571375 0.41583333333333333 0.123 0.06599999999999999
0 0.55975 0.326 0.12125000000000002 0.06999999999999999
0 0.559 0.24166666666666667 0.11775000000000002 0.0756666666666667
0 0.555125 0.15283333333333335 0.11874999999999997 0.08533333333333333
0 0.55075 0.065 0.12349999999999994 0.07766666666666666
0 0.546875 0.010833333333333334 0.12074999999999997 0.021666666666666667