0 0.123 0.968 0.13024999999999998 0.06400000000000006
0 0.117125 0.8985 0.1245 0.09466666666666661
0 0.138125 0.8183333333333334 0.126 0.05800000000000013
0 0.130125 0.7411666666666666 0.14475 0.08866666666666667
0 0.133125 0.6505 0.13024999999999998 0.07733333333333332
0 0.13675 0.5703333333333334 0.126 0.07533333333333332
0 0.11575000000000002 0.49133333333333334 0.139 0.07133333333333332
0 0.12525 0.4025 0.126 0.08099999999999996
0 0.10625 0.3126666666666667 0.12025 0.06933333333333332
0 0.10337500000000002 0.223 0.1375 0.06366666666666669
0 0.0955 0.14483333333333334 0.11875000000000002 0.07333333333333332
0 0.096875 0.055 0.11875 0.07900000000000001