0 0.8326250000000001 0.010333333333333333 0.11725000000000008 0.020666666666666667
0 0.558875 0.9655 0.12400000000000005 0.06899999999999995
0 0.55975 0.8885000000000001 0.12400000000000005 0.06400000000000006
0 0.556875 0.8116666666666666 0.125 0.07033333333333343
0 0.5695 0.7283333333333334 0.125 0.07033333333333343
0 0.56175 0.6391666666666667 0.12125000000000008 0.07033333333333336
0 0.5615 0.5606666666666666 0.12549999999999994 0.06733333333333331
0 0.556125 0.48 0.11674999999999996 0.0736666666666667
0 0.55375 0.395 0.12650000000000006 0.0693333333333334
0 0.54725 0.3175 0.12024999999999997 0.07300000000000002
0 0.540375 0.2335 0.10749999999999998 0.07433333333333336
0 0.533625 0.1495 0.11925000000000002 0.06666666666666665
0 0.53925 0.06516666666666666 0.12549999999999994 0.07233333333333332
0 0.532625 0.012333333333333333 0.11050000000000004 0.024666666666666667
0 0.845875 0.063 0.12250000000000005 0.077
0 0.84875 0.14566666666666667 0.12749999999999995 0.07033333333333332
0 0.8396250000000001 0.2353333333333333 0.12349999999999994 0.06933333333333332
0 0.8445 0.313 0.11299999999999999 0.07166666666666666
0 0.853875 0.39433333333333337 0.12200000000000011 0.0693333333333334
0 0.846125 0.47733333333333333 0.129 0.06599999999999999
0 0.85075 0.5690000000000001 0.137 0.07100000000000002
0 0.838125 0.6463333333333333 0.12749999999999995 0.0693333333333334
0 0.8425 0.7254999999999999 0.12149999999999994 0.06199999999999998
0 0.8492500000000001 0.8041666666666667 0.12349999999999994 0.06333333333333346
0 0.855125 0.8891666666666667 0.12074999999999991 0.06666666666666672
0 0.83642578125 0.9654947916666666 0.1171875 0.06901041666666667
0 0.968375 0.9541666666666667 0.06325000000000003 0.07499999999999989
0 0.970125 0.882 0.05974999999999997 0.0730000000000001
0 0.967625 0.7968333333333333 0.06474999999999997 0.07566666666666677
0 0.969625 0.7251666666666666 0.06074999999999997 0.07033333333333343
0 0.96625 0.6408333333333335 0.0674999999999999 0.0673333333333334
0 0.966875 0.5568333333333334 0.06624999999999992 0.07500000000000002
0 0.9686250000000001 0.47633333333333333 0.06274999999999997 0.0783333333333333
0 0.970125 0.38883333333333336 0.05974999999999997 0.07900000000000003
0 0.969625 0.30316666666666664 0.06074999999999997 0.06800000000000002
0 0.97075 0.228 0.058499999999999996 0.06866666666666665
0 0.969375 0.15633333333333335 0.06125000000000003 0.0686666666666667
0 0.96425 0.07166666666666667 0.0714999999999999 0.06866666666666667
0 0.9705 0.0145 0.05899999999999994 0.029