0 0.06625 0.9208333333333334 0.1285 0.07200000000000006
0 0.06325 0.8371666666666666 0.1265 0.061333333333333385
0 0.06075 0.762 0.11399999999999999 0.07666666666666681
0 0.062625 0.6828333333333334 0.12525 0.08133333333333326
0 0.058875000000000004 0.612 0.11775000000000001 0.07900000000000003
0 0.059125000000000004 0.534 0.11825000000000001 0.07200000000000006
0 0.0545 0.453 0.109 0.08833333333333337
0 0.0475 0.37200000000000005 0.095 0.08000000000000003
0 0.04925 0.28833333333333333 0.0985 0.08466666666666667
0 0.056875 0.20733333333333334 0.11375 0.0776666666666667
0 0.04725 0.12933333333333333 0.0945 0.07366666666666666
0 0.065673828125 0.9811197916666666 0.13134765625 0.037760416666666664
0 0.36162500000000003 0.9815 0.14350000000000007 0.03699999999999992
0 0.353 0.9228333333333333 0.13324999999999998 0.07133333333333347
0 0.34275 0.8403333333333333 0.14300000000000002 0.08466666666666652
0 0.359875 0.7643333333333334 0.118 0.06733333333333331
0 0.35675 0.6859999999999999 0.12575000000000003 0.06733333333333331
0 0.352125 0.6003333333333333 0.12324999999999997 0.06666666666666672
0 0.352 0.523 0.13324999999999998 0.06366666666666661
0 0.35025 0.4426666666666667 0.12624999999999997 0.08133333333333341
0 0.34825 0.36166666666666664 0.12675000000000003 0.0666666666666667
0 0.322875 0.276 0.14825 0.09233333333333338
0 0.34175 0.19266666666666665 0.122 0.07133333333333332
0 0.63625 0.9753333333333334 0.119 0.04933333333333323
0 0.635125 0.9156666666666666 0.12074999999999991 0.08266666666666674
0 0.63525 0.7498333333333332 0.11499999999999999 0.0643333333333332
0 0.635625 0.6718333333333333 0.11499999999999999 0.06699999999999995
0 0.635625 0.5946666666666667 0.12250000000000005 0.06499999999999995
0 0.626 0.5121666666666667 0.12149999999999994 0.0696666666666667
0 0.63125 0.434 0.12050000000000005 0.0696666666666667
0 0.62775 0.35433333333333333 0.11949999999999994 0.07166666666666666
0 0.6228750000000001 0.27416666666666667 0.10575000000000001 0.06466666666666665
0 0.624875 0.18166666666666667 0.12250000000000005 0.07733333333333332
0 0.754375 0.1795 0.12149999999999994 0.07766666666666668
0 0.762875 0.2585 0.12650000000000006 0.0796666666666667
0 0.75825 0.3468333333333333 0.12050000000000005 0.06633333333333331
0 0.754875 0.4286666666666667 0.12549999999999994 0.07133333333333332
0 0.760625 0.5108333333333334 0.12375000000000003 0.06633333333333329
0 0.763375 0.5888333333333333 0.12149999999999994 0.07033333333333329
0 0.760875 0.6728333333333333 0.12525000000000008 0.06999999999999999
0 0.756625 0.7483333333333334 0.11925000000000008 0.06899999999999995
0 0.75725 0.8276666666666667 0.11975000000000002 0.07166666666666661
0 0.7691250000000001 0.9075000000000001 0.1127499999999999 0.07133333333333347
0 0.74825 0.977 0.10250000000000004 0.045999999999999965