0 0.715087890625 0.2646484375 0.1416015625 0.08919270833333333
0 0.5380859375 0.9378255208333334 0.125 0.07747395833333333
0 0.56103515625 0.8561197916666666 0.11962890625 0.08268229166666667
0 0.552734375 0.7724609375 0.12646484375 0.078125
0 0.547119140625 0.6923828125 0.12548828125 0.07096354166666667
0 0.54345703125 0.6136067708333334 0.1142578125 0.072265625
0 0.546630859375 0.5270182291666666 0.1298828125 0.06510416666666667
0 0.5439453125 0.4466145833333333 0.12158203125 0.07096354166666667
0 0.546142578125 0.3629557291666667 0.1181640625 0.0625
0 0.541259765625 0.2721354166666667 0.1083984375 0.083984375
0 0.55078125 0.990234375 0.142578125 0.01953125
0 0.842041015625 0.3544921875 0.13330078125 0.07682291666666667
0 0.850341796875 0.4436848958333333 0.12353515625 0.06901041666666667
0 0.973388671875 0.43359375 0.05322265625 0.07096354166666667
0 0.8486328125 0.529296875 0.130859375 0.068359375
0 0.970458984375 0.5185546875 0.05908203125 0.068359375
0 0.970947265625 0.6025390625 0.05810546875 0.06705729166666667
0 0.845703125 0.6103515625 0.1357421875 0.064453125
0 0.84423828125 0.6956380208333334 0.12548828125 0.06901041666666667
0 0.97412109375 0.6852213541666666 0.0517578125 0.061848958333333336
0 0.97119140625 0.7652994791666666 0.0576171875 0.064453125
0 0.9677734375 0.8427734375 0.064453125 0.064453125
0 0.845947265625 0.8548177083333334 0.1279296875 0.06640625
0 0.837158203125 0.9348958333333334 0.12890625 0.06966145833333333
0 0.968017578125 0.9208984375 0.06396484375 0.06640625
0 0.846435546875 0.986328125 0.1220703125 0.02734375
0 0.9638671875 0.9850260416666666 0.072265625 0.029947916666666668