0 0.226806640625 0.5520833333333334 0.1376953125 0.07552083333333333
0 0.2783203125 0.8955078125 0.12158203125 0.06770833333333333
0 0.412109375 0.9088541666666666 0.1142578125 0.07877604166666667
0 0.591552734375 0.9332682291666666 0.1259765625 0.06575520833333333
0 0.8095703125 0.9505208333333334 0.130859375 0.09635416666666667
0 0.78369140625 0.035481770833333336 0.12890625 0.07096354166666667
0 0.608154296875 0.034505208333333336 0.12158203125 0.06901041666666667
0 0.427490234375 0.022786458333333332 0.12744140625 0.045572916666666664
0 0.30224609375 0.013346354166666666 0.123046875 0.026692708333333332
0 0.171142578125 0.013346354166666666 0.09228515625 0.026692708333333332
0 0.15966796875 0.8414713541666666 0.0693359375 0.09049479166666667