0 0.851806640625 0.6966145833333334 0.04345703125 0.16536458333333334
0 0.803955078125 0.6975911458333334 0.05517578125 0.16796875
0 0.742919921875 0.6982421875 0.05419921875 0.14388020833333334
0 0.677001953125 0.6966145833333334 0.05908203125 0.16796875
0 0.6171875 0.6888020833333334 0.05419921875 0.16471354166666666
0 0.553955078125 0.6998697916666666 0.056640625 0.171875
0 0.499267578125 0.6975911458333334 0.05126953125 0.16796875
0 0.43505859375 0.7112630208333334 0.07080078125 0.173828125
0 0.370849609375 0.693359375 0.0537109375 0.14908854166666666
0 0.310546875 0.7125651041666666 0.05126953125 0.17513020833333334
0 0.251708984375 0.7281901041666666 0.060546875 0.12565104166666666
0 0.189453125 0.7112630208333334 0.0576171875 0.16536458333333334
0 0.142578125 0.7158203125 0.03515625 0.158203125