0 0.284912109375 0.7353515625 0.1416015625 0.08919270833333333
0 0.4619140625 0.062174479166666664 0.125 0.07747395833333333
0 0.43896484375 0.14388020833333334 0.11962890625 0.08268229166666667
0 0.447265625 0.2275390625 0.12646484375 0.078125
0 0.452880859375 0.3076171875 0.12548828125 0.07096354166666667
0 0.45654296875 0.3863932291666667 0.1142578125 0.072265625
0 0.453369140625 0.4729817708333333 0.1298828125 0.06510416666666667
0 0.4560546875 0.5533854166666666 0.12158203125 0.07096354166666667
0 0.453857421875 0.6370442708333334 0.1181640625 0.0625
0 0.458740234375 0.7278645833333334 0.1083984375 0.083984375
0 0.44921875 0.009765625 0.142578125 0.01953125
0 0.157958984375 0.6455078125 0.13330078125 0.07682291666666667
0 0.149658203125 0.5563151041666666 0.12353515625 0.06901041666666667
0 0.026611328125 0.56640625 0.05322265625 0.07096354166666667
0 0.1513671875 0.470703125 0.130859375 0.068359375
0 0.029541015625 0.4814453125 0.05908203125 0.068359375
0 0.029052734375 0.3974609375 0.05810546875 0.06705729166666667
0 0.154296875 0.3896484375 0.1357421875 0.064453125
0 0.15576171875 0.3043619791666667 0.12548828125 0.06901041666666667
0 0.02587890625 0.3147786458333333 0.0517578125 0.061848958333333336
0 0.02880859375 0.23470052083333334 0.0576171875 0.064453125
0 0.0322265625 0.1572265625 0.064453125 0.064453125
0 0.154052734375 0.14518229166666666 0.1279296875 0.06640625
0 0.162841796875 0.06510416666666667 0.12890625 0.06966145833333333
0 0.031982421875 0.0791015625 0.06396484375 0.06640625
0 0.153564453125 0.013671875 0.1220703125 0.02734375
0 0.0361328125 0.014973958333333334 0.072265625 0.029947916666666668