0 0.3544921875 0.6637369791666666 0.11181640625 0.07421875
0 0.34130859375 0.5833333333333334 0.12939453125 0.07096354166666667
0 0.33935546875 0.5022786458333334 0.13232421875 0.08854166666666667
0 0.35205078125 0.41796875 0.12890625 0.09309895833333333
0 0.34912109375 0.3323567708333333 0.13232421875 0.07682291666666667
0 0.347900390625 0.2552083333333333 0.13037109375 0.07682291666666667
0 0.3466796875 0.17805989583333334 0.1279296875 0.07682291666666667
0 0.353271484375 0.0908203125 0.138671875 0.08528645833333333
0 0.357421875 0.028971354166666668 0.11083984375 0.057942708333333336
0 0.658447265625 0.03125 0.11962890625 0.0625
0 0.64697265625 0.10026041666666667 0.12548828125 0.072265625
0 0.64990234375 0.17317708333333334 0.11962890625 0.07421875
0 0.65283203125 0.2626953125 0.1279296875 0.08203125
0 0.65771484375 0.3453776041666667 0.1279296875 0.06770833333333333
0 0.64990234375 0.4514973958333333 0.12646484375 0.07682291666666667
0 0.6494140625 0.5641276041666666 0.13037109375 0.07682291666666667
0 0.65283203125 0.7623697916666666 0.1279296875 0.07552083333333333
0 0.930908203125 0.7666015625 0.12890625 0.083984375
0 0.933837890625 0.6803385416666666 0.123046875 0.072265625
0 0.960205078125 0.5729166666666666 0.07958984375 0.07877604166666667
0 0.9296875 0.3372395833333333 0.13623046875 0.07682291666666667
0 0.928466796875 0.2594401041666667 0.13134765625 0.0625
0 0.926513671875 0.18294270833333334 0.123046875 0.06770833333333333
0 0.926025390625 0.037760416666666664 0.10009765625 0.07552083333333333
0 0.3388671875 0.7486979166666666 0.1337890625 0.07682291666666667