0 0.0685 0.5146666666666667 0.12075000000000001 0.07699999999999996
0 0.064375 0.755 0.11700000000000002 0.06899999999999995
0 0.659375 0.20366666666666666 0.12050000000000005 0.030666666666666693
0 0.6461250000000001 0.2743333333333334 0.14700000000000002 0.08533333333333333
0 0.652625 0.35883333333333334 0.129 0.074
0 0.6551250000000001 0.4383333333333333 0.12424999999999997 0.07866666666666673
0 0.658125 0.518 0.1399999999999999 0.08033333333333337
0 0.6551250000000001 0.6031666666666667 0.12175000000000002 0.074
0 0.65025 0.6811666666666666 0.11224999999999996 0.08200000000000007
0 0.653375 0.7541666666666668 0.13975000000000004 0.0643333333333332
0 0.652625 0.8355 0.129 0.06899999999999995
0 0.64975 0.9295 0.11099999999999999 0.0866666666666666
0 0.650875 0.9808333333333333 0.12775000000000003 0.03833333333333341
0 0.350625 0.9791666666666666 0.123 0.041666666666666664
0 0.350125 0.9221666666666667 0.11924999999999997 0.07566666666666677
0 0.350625 0.8403333333333333 0.12075000000000002 0.07566666666666677
0 0.34525 0.7575 0.12424999999999997 0.08033333333333322
0 0.345875 0.6786666666666666 0.12550000000000006 0.05800000000000005
0 0.358 0.5966666666666667 0.13024999999999998 0.0866666666666666
0 0.06975 0.8338333333333333 0.123 0.06899999999999995
0 0.34825 0.518 0.12075000000000002 0.06766666666666661
0 0.351875 0.4311666666666667 0.123 0.06433333333333335
0 0.3405 0.33716666666666667 0.13149999999999995 0.07233333333333336
0 0.34775 0.23983333333333334 0.12424999999999997 0.08366666666666663
0 0.0675 0.3571666666666667 0.135 0.08366666666666663
0 0.065 0.4326666666666667 0.13 0.07066666666666672
0 0.078875 0.9101666666666667 0.11925000000000002 0.07066666666666659
0 0.080625 0.9768333333333333 0.12775000000000003 0.046333333333333414
0 0.065625 0.6746666666666666 0.11700000000000002 0.08200000000000007