0 0.49609375 0.9225260416666666 0.0654296875 0.15494791666666666
0 0.40478515625 0.9459635416666666 0.11181640625 0.07356770833333333
0 0.143310546875 0.859375 0.03662109375 0.06575520833333333
0 0.226806640625 0.6402994791666666 0.0302734375 0.15625
0 0.439697265625 0.6591796875 0.11572265625 0.16796875
0 0.357177734375 0.7633463541666666 0.14306640625 0.095703125
0 0.37060546875 0.8564453125 0.134765625 0.07942708333333333
0 0.727294921875 0.7008463541666666 0.0556640625 0.17057291666666666
0 0.7939453125 0.7197265625 0.06494140625 0.22786458333333334
0 0.84765625 0.6907552083333334 0.0546875 0.16861979166666666
0 0.71923828125 0.328125 0.0595703125 0.17317708333333334
0 0.71826171875 0.158203125 0.0546875 0.16861979166666666
0 0.778076171875 0.1513671875 0.05810546875 0.17317708333333334
0 0.782470703125 0.3255208333333333 0.05029296875 0.16341145833333334
0 0.84228515625 0.328125 0.0654296875 0.16015625
0 0.842529296875 0.15462239583333334 0.06298828125 0.16666666666666666
0 0.16064453125 0.06966145833333333 0.0712890625 0.11002604166666667