0 0.27783203125 0.2874348958333333 0.02294921875 0.16080729166666666
0 0.330810546875 0.3050130208333333 0.06396484375 0.19596354166666666
0 0.39404296875 0.2965494791666667 0.0556640625 0.171875
0 0.453857421875 0.2932942708333333 0.05908203125 0.16536458333333334
0 0.513427734375 0.2890625 0.06005859375 0.18684895833333334
0 0.577392578125 0.2932942708333333 0.0556640625 0.162109375
0 0.635986328125 0.2998046875 0.0615234375 0.14973958333333334
0 0.690673828125 0.2955729166666667 0.04833984375 0.18619791666666666
0 0.751708984375 0.2965494791666667 0.0517578125 0.171875
0 0.822021484375 0.3004557291666667 0.06494140625 0.14778645833333334
0 0.860595703125 0.298828125 0.02880859375 0.17057291666666666
0 0.859375 0.69921875 0.03125 0.1640625
0 0.816650390625 0.6998697916666666 0.056640625 0.15885416666666666
0 0.75537109375 0.69921875 0.056640625 0.16080729166666666
0 0.693115234375 0.7063802083333334 0.06005859375 0.16536458333333334
0 0.634033203125 0.7054036458333334 0.04345703125 0.16731770833333334
0 0.572509765625 0.689453125 0.06494140625 0.173828125
0 0.513427734375 0.7024739583333334 0.05078125 0.16080729166666666
0 0.448486328125 0.6975911458333334 0.04833984375 0.1640625
0 0.3779296875 0.7125651041666666 0.05419921875 0.17513020833333334
0 0.304931640625 0.703125 0.06298828125 0.16536458333333334