0 0.68603515625 0.9378255208333334 0.13232421875 0.08463541666666667
0 0.171142578125 0.9326171875 0.09228515625 0.10611979166666667
0 0.372314453125 0.9195963541666666 0.12646484375 0.08658854166666667
0 0.49853515625 0.8483072916666666 0.12353515625 0.095703125
0 0.662109375 0.8447265625 0.14599609375 0.09505208333333333
0 0.8330078125 0.5061848958333334 0.07763671875 0.06380208333333333
0 0.81005859375 0.361328125 0.0615234375 0.17317708333333334
0 0.856201171875 0.3069661458333333 0.03759765625 0.17643229166666666
0 0.65478515625 0.12955729166666666 0.11328125 0.087890625
0 0.531005859375 0.142578125 0.10986328125 0.072265625
0 0.373046875 0.134765625 0.109375 0.08138020833333333
0 0.166748046875 0.007161458333333333 0.05908203125 0.014322916666666666
0 0.198486328125 0.16764322916666666 0.1103515625 0.08463541666666667