0 0.65771484375 0.568359375 0.1083984375 0.080078125
0 0.65478515625 0.6409505208333334 0.11474609375 0.064453125
0 0.65234375 0.7278645833333334 0.1171875 0.064453125
0 0.9287109375 0.8854166666666666 0.126953125 0.064453125
0 0.9267578125 0.8059895833333334 0.11083984375 0.059895833333333336
0 0.923095703125 0.7229817708333334 0.1279296875 0.061197916666666664
0 0.91650390625 0.6295572916666666 0.126953125 0.080078125
0 0.9326171875 0.5589192708333334 0.134765625 0.064453125
0 0.933349609375 0.4703776041666667 0.126953125 0.07096354166666667
0 0.345458984375 0.20670572916666666 0.1279296875 0.083984375
0 0.92138671875 0.3971354166666667 0.1337890625 0.07552083333333333
0 0.9189453125 0.3102213541666667 0.13671875 0.072265625
0 0.91650390625 0.23470052083333334 0.13134765625 0.072265625
0 0.920654296875 0.158203125 0.13525390625 0.080078125
0 0.959716796875 0.0390625 0.08056640625 0.078125
0 0.633056640625 0.029296875 0.12939453125 0.05859375
0 0.06005859375 0.023763020833333332 0.0634765625 0.047526041666666664
0 0.341064453125 0.3642578125 0.138671875 0.07096354166666667
0 0.625244140625 0.9651692708333334 0.1181640625 0.06966145833333333
0 0.490234375 0.9143880208333334 0.12548828125 0.12890625
0 0.343505859375 0.6930338541666666 0.13623046875 0.0625
0 0.35546875 0.6168619791666666 0.1337890625 0.080078125
0 0.357421875 0.5338541666666666 0.13525390625 0.06901041666666667
0 0.35009765625 0.2877604166666667 0.1328125 0.072265625
0 0.65771484375 0.15364583333333334 0.123046875 0.06770833333333333
0 0.35009765625 0.130859375 0.123046875 0.06770833333333333
0 0.34765625 0.447265625 0.1328125 0.07552083333333333
0 0.65576171875 0.4036458333333333 0.126953125 0.072265625
0 0.64501953125 0.4817708333333333 0.138671875 0.064453125
0 0.66064453125 0.3216145833333333 0.13134765625 0.08528645833333333
0 0.658935546875 0.23795572916666666 0.1279296875 0.08203125