0 0.189453125 0.7819010416666666 0.0576171875 0.19010416666666666
0 0.77099609375 0.4772135416666667 0.0576171875 0.16536458333333334
0 0.78662109375 0.6513671875 0.0556640625 0.1640625
0 0.67919921875 0.20703125 0.12548828125 0.07552083333333333
0 0.630615234375 0.0712890625 0.12646484375 0.08658854166666667
0 0.888427734375 0.025390625 0.029296875 0.048828125
0 0.8974609375 0.09114583333333333 0.03173828125 0.06510416666666667
0 0.904541015625 0.16438802083333334 0.0244140625 0.057291666666666664
0 0.8955078125 0.2421875 0.05078125 0.0703125
0 0.900146484375 0.3157552083333333 0.03759765625 0.064453125
0 0.90771484375 0.3922526041666667 0.03173828125 0.0625
0 0.91357421875 0.4736328125 0.03076171875 0.0546875
0 0.90869140625 0.5582682291666666 0.041015625 0.057291666666666664
0 0.916259765625 0.6396484375 0.02880859375 0.06380208333333333
0 0.92236328125 0.7229817708333334 0.02392578125 0.061197916666666664
0 0.907958984375 0.8014322916666666 0.046875 0.06640625
0 0.91552734375 0.8834635416666666 0.03759765625 0.061197916666666664
0 0.909423828125 0.9700520833333334 0.0439453125 0.059895833333333336
0 0.59130859375 0.013671875 0.11376953125 0.02734375
0 0.479736328125 0.0400390625 0.0458984375 0.080078125
0 0.17529296875 0.4264322916666667 0.07421875 0.173828125
0 0.103515625 0.4352213541666667 0.078125 0.15885416666666666
0 0.18017578125 0.5911458333333334 0.06103515625 0.15104166666666666
0 0.156494140625 0.978515625 0.060546875 0.04296875