0 0.061375 0.44883333333333336 0.1 0.10233333333333332
0 0.06725 0.5405 0.07674999999999998 0.10433333333333339
0 0.049875 0.6321666666666667 0.09975 0.10599999999999994
0 0.043375000000000004 0.7296666666666667 0.08675000000000001 0.0693333333333334
0 0.049875 0.8376666666666667 0.09975 0.12733333333333322
0 0.069375 0.9613333333333333 0.09275 0.0773333333333334
0 0.650625 0.30883333333333335 0.11725000000000008 0.08100000000000003
0 0.65425 0.4555 0.10699999999999998 0.08099999999999996
0 0.656375 0.5481666666666667 0.13175000000000003 0.0733333333333334
0 0.6491250000000001 0.6235 0.1260000000000001 0.0733333333333334
0 0.643375 0.7083333333333334 0.11725000000000008 0.07333333333333325
0 0.65275 0.7923333333333334 0.11874999999999991 0.07900000000000003
0 0.65925 0.8695 0.10850000000000004 0.06366666666666661
0 0.662875 0.9525 0.11575000000000002 0.07900000000000003
0 0.9465 0.5346666666666667 0.10699999999999998 0.0693333333333334
0 0.930625 0.6196666666666667 0.13874999999999993 0.10033333333333339
0 0.94575 0.7083333333333334 0.10850000000000004 0.0773333333333334
0 0.94575 0.7759999999999999 0.10850000000000004 0.07333333333333325
0 0.943625 0.855 0.1127499999999999 0.08499999999999996
0 0.9415 0.9351666666666666 0.11699999999999999 0.07133333333333347
0 0.77725 0.21616666666666665 0.14474999999999993 0.07733333333333332
0 0.778 0.09366666666666668 0.06800000000000006 0.15633333333333335
0 0.8395 0.06949999999999999 0.052000000000000046 0.13899999999999998
0 0.91325 0.06083333333333333 0.06075000000000008 0.12166666666666666
0 0.961 0.14383333333333334 0.07800000000000007 0.14100000000000001