0 0.242431640625 0.845703125 0.1201171875 0.07161458333333333
0 0.81103515625 0.3990885416666667 0.1376953125 0.13932291666666666
0 0.669921875 0.3287760416666667 0.11279296875 0.11393229166666667
0 0.552734375 0.2526041666666667 0.11572265625 0.123046875
0 0.40087890625 0.138671875 0.11865234375 0.123046875
0 0.2314453125 0.055989583333333336 0.11865234375 0.09635416666666667
0 0.37109375 0.4339192708333333 0.12890625 0.06575520833333333
0 0.246826171875 0.4388020833333333 0.1201171875 0.055989583333333336
0 0.24462890625 0.5159505208333334 0.12744140625 0.08268229166666667
0 0.2431640625 0.5940755208333334 0.13037109375 0.07747395833333333
0 0.249755859375 0.6865234375 0.1259765625 0.07747395833333333
0 0.240234375 0.7591145833333334 0.13037109375 0.06770833333333333
0 0.24462890625 0.9212239583333334 0.11572265625 0.07942708333333333
0 0.24462890625 0.9811197916666666 0.11279296875 0.037760416666666664
0 0.37841796875 0.9820963541666666 0.12890625 0.035807291666666664
0 0.379150390625 0.92578125 0.13623046875 0.08072916666666667
0 0.37060546875 0.8447265625 0.11865234375 0.08072916666666667
0 0.373291015625 0.7607421875 0.1328125 0.07161458333333333
0 0.380615234375 0.68359375 0.13330078125 0.07161458333333333
0 0.376220703125 0.6048177083333334 0.13623046875 0.07552083333333333
0 0.379150390625 0.5185546875 0.12744140625 0.08138020833333333
0 0.651123046875 0.5836588541666666 0.1220703125 0.061197916666666664
0 0.646240234375 0.6695963541666666 0.1142578125 0.07877604166666667
0 0.64208984375 0.7438151041666666 0.10888671875 0.06901041666666667
0 0.65576171875 0.828125 0.1240234375 0.07747395833333333
0 0.64501953125 0.9163411458333334 0.12939453125 0.07421875
0 0.64208984375 0.9768880208333334 0.134765625 0.046223958333333336
0 0.949462890625 0.6158854166666666 0.10107421875 0.06770833333333333
0 0.947021484375 0.6979166666666666 0.10595703125 0.07747395833333333
0 0.93798828125 0.7740885416666666 0.1240234375 0.06901041666666667
0 0.94091796875 0.8564453125 0.1181640625 0.07877604166666667
0 0.94091796875 0.9309895833333334 0.1181640625 0.080078125
0 0.941650390625 0.9866536458333334 0.11669921875 0.026692708333333332