0 0.16259765625 0.580078125 0.0556640625 0.18619791666666666
0 0.22607421875 0.5810546875 0.05517578125 0.16536458333333334
0 0.287841796875 0.5865885416666666 0.0498046875 0.16536458333333334
0 0.3505859375 0.5751953125 0.05029296875 0.14388020833333334
0 0.40478515625 0.572265625 0.0390625 0.15299479166666666
0 0.4677734375 0.5784505208333334 0.0517578125 0.16080729166666666
0 0.530029296875 0.5862630208333334 0.04296875 0.16471354166666666
0 0.58740234375 0.5709635416666666 0.05029296875 0.158203125
0 0.6533203125 0.5748697916666666 0.0576171875 0.15104166666666666
0 0.718017578125 0.5738932291666666 0.052734375 0.162109375
0 0.784423828125 0.5641276041666666 0.0615234375 0.16471354166666666
0 0.843994140625 0.5638020833333334 0.06005859375 0.17838541666666666
0 0.840087890625 0.9287109375 0.06005859375 0.142578125
0 0.779541015625 0.9348958333333334 0.05712890625 0.13020833333333334
0 0.71923828125 0.9381510416666666 0.0537109375 0.12369791666666667
0 0.654541015625 0.9391276041666666 0.05322265625 0.12174479166666667
0 0.59228515625 0.9326171875 0.0517578125 0.134765625
0 0.533935546875 0.9322916666666666 0.05322265625 0.13541666666666666
0 0.474853515625 0.9342447916666666 0.05126953125 0.13151041666666666
0 0.41162109375 0.9300130208333334 0.0546875 0.13997395833333334
0 0.34912109375 0.9322916666666666 0.0498046875 0.13541666666666666
0 0.287109375 0.9274088541666666 0.046875 0.14518229166666666