0 0.2535 0.25616666666666665 0.13 0.11966666666666666
0 0.09825 0.1381666666666667 0.11575000000000002 0.12
0 0.658625 0.6331666666666667 0.13074999999999992 0.07600000000000007
0 0.654375 0.7096666666666667 0.12399999999999989 0.07933333333333348
0 0.645625 0.7923333333333334 0.13474999999999993 0.07266666666666666
0 0.6451250000000001 0.8721666666666668 0.13074999999999992 0.07599999999999991
0 0.650625 0.957 0.12975000000000003 0.08033333333333322
0 0.338625 0.9785 0.129 0.04299999999999985
0 0.3435 0.9246666666666666 0.124 0.08499999999999996
0 0.34900000000000003 0.8336666666666667 0.12150000000000005 0.07933333333333348
0 0.3435 0.7571666666666667 0.11075000000000002 0.06699999999999988
0 0.34650000000000003 0.6816666666666666 0.12149999999999994 0.07033333333333336
0 0.351875 0.5973333333333334 0.12575000000000003 0.08033333333333337
0 0.5015000000000001 0.41250000000000003 0.12650000000000006 0.12633333333333333
0 0.371625 0.34 0.11150000000000004 0.11733333333333329
0 0.06837500000000002 0.44 0.13 0.07600000000000007
0 0.076375 0.5186666666666667 0.119 0.07699999999999996
0 0.078375 0.606 0.12825000000000003 0.07933333333333333
0 0.0835 0.6855000000000001 0.11975 0.05566666666666661
0 0.078375 0.7688333333333334 0.12674999999999997 0.07900000000000003
0 0.074 0.844 0.11800000000000002 0.07200000000000006
0 0.08525 0.9251666666666667 0.12675 0.07666666666666681
0 0.08787500000000001 0.9816666666666666 0.118 0.03666666666666677