0 0.07050000000000001 0.8406666666666668 0.12 0.0736666666666667
0 0.074375 0.7606666666666667 0.12225000000000001 0.06966666666666654
0 0.071875 0.6791666666666667 0.1285 0.06699999999999995
0 0.07150000000000001 0.9183333333333333 0.11649999999999999 0.07266666666666666
0 0.0695 0.6041666666666666 0.1235 0.07166666666666661
0 0.94725 0.02 0.04699999999999993 0.04
0 0.932125 0.15183333333333335 0.05325000000000002 0.14633333333333334
0 0.6565 0.03933333333333334 0.12424999999999997 0.07866666666666668
0 0.662 0.12283333333333334 0.11575000000000002 0.09500000000000001
0 0.647375 0.20883333333333334 0.12549999999999994 0.07733333333333332
0 0.646875 0.29733333333333334 0.12424999999999997 0.07733333333333332
0 0.661875 0.3785 0.11824999999999997 0.06599999999999999
0 0.655875 0.4613333333333334 0.13749999999999996 0.08700000000000004
0 0.654 0.5393333333333333 0.13400000000000012 0.06899999999999995
0 0.65075 0.6181666666666666 0.12624999999999997 0.07533333333333332
0 0.65075 0.6976666666666667 0.125 0.08200000000000007
0 0.643 0.782 0.12349999999999994 0.06633333333333329
0 0.65425 0.8653333333333334 0.1292500000000001 0.08000000000000007
0 0.636375 0.9461666666666667 0.11024999999999996 0.08000000000000007
0 0.34600000000000003 0.8435 0.11724999999999997 0.07166666666666661
0 0.339 0.7661666666666668 0.11724999999999997 0.0829999999999999
0 0.34700000000000003 0.6856666666666666 0.13624999999999998 0.07833333333333337
0 0.36162500000000003 0.5946666666666667 0.12150000000000005 0.08033333333333337
0 0.36162500000000003 0.5136666666666666 0.13150000000000006 0.07266666666666666
0 0.34575 0.43050000000000005 0.11475000000000002 0.07600000000000007
0 0.347375 0.35450000000000004 0.11475000000000002 0.06933333333333336
0 0.335625 0.2785 0.13150000000000006 0.08266666666666667
0 0.33525 0.20033333333333334 0.12075000000000002 0.07366666666666667
0 0.33525 0.1115 0.12224999999999997 0.09033333333333333
0 0.338625 0.032 0.11399999999999999 0.064
0 0.07075000000000001 0.03933333333333334 0.12774999999999997 0.078
0 0.07187500000000001 0.11683333333333334 0.13225 0.075
0 0.072625 0.19433333333333333 0.12575000000000003 0.07833333333333335
0 0.06625 0.2798333333333333 0.1285 0.07266666666666666
0 0.06625 0.3598333333333334 0.1285 0.082
0 0.067 0.43766666666666665 0.127 0.0736666666666667
0 0.06625 0.5228333333333334 0.1285 0.08366666666666663