0 0.479736328125 0.18098958333333334 0.0966796875 0.15690104166666666
0 0.55859375 0.0234375 0.0908203125 0.046875
0 0.1591796875 0.017903645833333332 0.0478515625 0.035807291666666664
0 0.220458984375 0.016276041666666668 0.05712890625 0.032552083333333336
0 0.791259765625 0.64453125 0.0849609375 0.16731770833333334
0 0.155517578125 0.2952473958333333 0.05322265625 0.15755208333333334
0 0.21923828125 0.3089192708333333 0.05810546875 0.15364583333333334
0 0.141845703125 0.712890625 0.03369140625 0.16145833333333334
0 0.1953125 0.7154947916666666 0.060546875 0.17903645833333334
0 0.3623046875 0.515625 0.1083984375 0.15885416666666666
0 0.42041015625 0.3369140625 0.11376953125 0.15169270833333334