0 0.55517578125 0.9368489583333334 0.13818359375 0.07161458333333333
0 0.561279296875 0.8606770833333334 0.13671875 0.09049479166666667
0 0.566650390625 0.7779947916666666 0.12646484375 0.07552083333333333
0 0.56005859375 0.6936848958333334 0.13232421875 0.080078125
0 0.5576171875 0.6064453125 0.13330078125 0.076171875
0 0.55615234375 0.529296875 0.11376953125 0.078125
0 0.55908203125 0.4482421875 0.12060546875 0.07291666666666667
0 0.555908203125 0.3616536458333333 0.1298828125 0.076171875
0 0.549560546875 0.2815755208333333 0.1337890625 0.078125
0 0.552978515625 0.19401041666666666 0.13232421875 0.07291666666666667
0 0.552978515625 0.11751302083333333 0.13427734375 0.08072916666666667
0 0.84521484375 0.11360677083333333 0.12060546875 0.07096354166666667
0 0.840576171875 0.2021484375 0.14111328125 0.083984375
0 0.83349609375 0.2854817708333333 0.12255859375 0.07682291666666667
0 0.8369140625 0.36328125 0.1416015625 0.078125
0 0.849365234375 0.4508463541666667 0.13720703125 0.076171875
0 0.846435546875 0.529296875 0.1259765625 0.06770833333333333
0 0.847900390625 0.6142578125 0.12255859375 0.061197916666666664
0 0.8427734375 0.6891276041666666 0.13037109375 0.068359375
0 0.833984375 0.7731119791666666 0.12939453125 0.06966145833333333
0 0.842041015625 0.8505859375 0.12744140625 0.06901041666666667
0 0.833251953125 0.927734375 0.11279296875 0.07291666666666667
0 0.8388671875 0.9850260416666666 0.12646484375 0.029947916666666668
0 0.966064453125 0.9772135416666666 0.06787109375 0.045572916666666664
0 0.964111328125 0.8444010416666666 0.07177734375 0.08072916666666667
0 0.96484375 0.7701822916666666 0.0703125 0.07096354166666667
0 0.96484375 0.6842447916666666 0.0703125 0.06705729166666667
0 0.969970703125 0.5240885416666666 0.06005859375 0.07291666666666667
0 0.96923828125 0.4407552083333333 0.0615234375 0.078125
0 0.970458984375 0.3603515625 0.05908203125 0.06510416666666667
0 0.96923828125 0.2744140625 0.0615234375 0.08854166666666667
0 0.965087890625 0.19596354166666666 0.06982421875 0.064453125
0 0.962158203125 0.11686197916666667 0.07568359375 0.07161458333333333