0 0.119140625 0.037109375 0.119140625 0.07421875
0 0.01611328125 0.0869140625 0.0322265625 0.061848958333333336
0 0.03759765625 0.3505859375 0.0751953125 0.068359375
0 0.034912109375 0.4290364583333333 0.06982421875 0.091796875
0 0.0302734375 0.521484375 0.060546875 0.07486979166666667
0 0.032958984375 0.6748046875 0.06591796875 0.078125
0 0.032470703125 0.7542317708333334 0.06494140625 0.07161458333333333
0 0.02978515625 0.8369140625 0.0595703125 0.07552083333333333
0 0.030029296875 0.9163411458333334 0.06005859375 0.06901041666666667
0 0.15966796875 0.923828125 0.12744140625 0.07096354166666667
0 0.173583984375 0.9847005208333334 0.1240234375 0.030598958333333332
0 0.166259765625 0.8343098958333334 0.13330078125 0.07877604166666667
0 0.15380859375 0.755859375 0.13232421875 0.07747395833333333
0 0.16015625 0.6689453125 0.13232421875 0.080078125
0 0.166015625 0.5869140625 0.13232421875 0.06966145833333333
0 0.156005859375 0.5035807291666666 0.13037109375 0.06966145833333333
0 0.15771484375 0.4251302083333333 0.12841796875 0.076171875
0 0.15673828125 0.3430989583333333 0.12548828125 0.06575520833333333
0 0.42041015625 0.18229166666666666 0.1181640625 0.06640625
0 0.43408203125 0.341796875 0.13037109375 0.07552083333333333
0 0.43994140625 0.4251302083333333 0.126953125 0.06380208333333333
0 0.4326171875 0.4954427083333333 0.10546875 0.06380208333333333
0 0.440185546875 0.5777994791666666 0.12353515625 0.06380208333333333
0 0.4462890625 0.6689453125 0.13232421875 0.06575520833333333
0 0.443115234375 0.7493489583333334 0.1181640625 0.06575520833333333
0 0.4384765625 0.8362630208333334 0.12158203125 0.0859375
0 0.452392578125 0.9267578125 0.1201171875 0.07291666666666667
0 0.451171875 0.9807942708333334 0.12158203125 0.038411458333333336