0 0.15283203125 0.9641927083333334 0.0556640625 0.07161458333333333
0 0.817626953125 0.9342447916666666 0.05322265625 0.13151041666666666
0 0.863525390625 0.9261067708333334 0.02294921875 0.14778645833333334
0 0.750732421875 0.9280598958333334 0.05908203125 0.14388020833333334
0 0.691650390625 0.9365234375 0.05810546875 0.126953125
0 0.626708984375 0.9322916666666666 0.06005859375 0.13541666666666666
0 0.565185546875 0.9283854166666666 0.05224609375 0.14322916666666666
0 0.502685546875 0.9358723958333334 0.05224609375 0.12825520833333334
0 0.443603515625 0.9352213541666666 0.05712890625 0.12955729166666666
0 0.382080078125 0.9368489583333334 0.04931640625 0.12630208333333334
0 0.26171875 0.6061197916666666 0.0498046875 0.15755208333333334
0 0.38134765625 0.587890625 0.056640625 0.173828125
0 0.44384765625 0.580078125 0.0478515625 0.16927083333333334
0 0.49658203125 0.58984375 0.0478515625 0.140625
0 0.558349609375 0.5797526041666666 0.0478515625 0.16471354166666666
0 0.626708984375 0.5716145833333334 0.04931640625 0.17643229166666666
0 0.68701171875 0.5758463541666666 0.04931640625 0.15755208333333334
0 0.752197265625 0.58203125 0.064453125 0.162109375
0 0.820068359375 0.5634765625 0.0546875 0.16015625
0 0.860595703125 0.5651041666666666 0.02880859375 0.162109375