0 0.31396484375 0.062174479166666664 0.13232421875 0.08463541666666667
0 0.828857421875 0.0673828125 0.09228515625 0.10611979166666667
0 0.627685546875 0.08040364583333333 0.12646484375 0.08658854166666667
0 0.50146484375 0.15169270833333334 0.12353515625 0.095703125
0 0.337890625 0.1552734375 0.14599609375 0.09505208333333333
0 0.1669921875 0.4938151041666667 0.07763671875 0.06380208333333333
0 0.18994140625 0.638671875 0.0615234375 0.17317708333333334
0 0.143798828125 0.6930338541666666 0.03759765625 0.17643229166666666
0 0.34521484375 0.8704427083333334 0.11328125 0.087890625
0 0.468994140625 0.857421875 0.10986328125 0.072265625
0 0.626953125 0.865234375 0.109375 0.08138020833333333
0 0.832763671875 0.9928385416666666 0.05908203125 0.014322916666666666
0 0.801513671875 0.8323567708333334 0.1103515625 0.08463541666666667