0 0.28350000000000003 0.17566666666666667 0.126 0.08333333333333333
0 0.23125 0.6034999999999999 0.0605 0.14733333333333332
0 0.820125 0.9415 0.0495000000000001 0.11699999999999999
0 0.243375 0.7640000000000001 0.05474999999999999 0.148
0 0.23850000000000002 0.9476666666666667 0.057750000000000024 0.10466666666666669
0 0.116875 0.9885 0.03449999999999999 0.022999999999999982
0 0.109375 0.9348333333333333 0.04075000000000001 0.06333333333333346
0 0.108625 0.855 0.046999999999999986 0.06533333333333324
0 0.10175000000000001 0.7791666666666667 0.037750000000000006 0.06533333333333324
0 0.10162500000000001 0.6973333333333334 0.04200000000000001 0.059333333333333314
0 0.09525 0.6155 0.03125 0.06066666666666665
0 0.094 0.5376666666666666 0.035500000000000004 0.06099999999999994
0 0.091625 0.45733333333333337 0.0335 0.06999999999999999
0 0.762375 0.8076666666666666 0.06774999999999998 0.1553333333333334
0 0.08700000000000001 0.36916666666666664 0.034 0.06000000000000005
0 0.082 0.299 0.031 0.057000000000000016
0 0.0795 0.21366666666666667 0.022499999999999992 0.05999999999999998
0 0.09175 0.14133333333333334 0.043999999999999984 0.07366666666666666
0 0.08750000000000001 0.0655 0.035 0.06500000000000002
0 0.760625 0.5951666666666667 0.06149999999999989 0.1723333333333333
0 0.511125 0.37200000000000005 0.04824999999999996 0.09666666666666668
0 0.40025 0.397 0.12450000000000006 0.06999999999999999
0 0.3575 0.3181666666666667 0.12724999999999997 0.07933333333333337
0 0.83175 0.5565 0.06325000000000003 0.156