0 0.9375 0.061197916666666664 0.10888671875 0.06705729166666667
0 0.9384765625 0.13932291666666666 0.1103515625 0.08333333333333333
0 0.94140625 0.21712239583333334 0.11669921875 0.072265625
0 0.942138671875 0.2903645833333333 0.11181640625 0.072265625
0 0.943115234375 0.3697916666666667 0.11376953125 0.076171875
0 0.9404296875 0.4527994791666667 0.119140625 0.08138020833333333
0 0.947998046875 0.5358072916666666 0.10400390625 0.06901041666666667
0 0.948486328125 0.6158854166666666 0.10302734375 0.07747395833333333
0 0.947021484375 0.6936848958333334 0.10595703125 0.07552083333333333
0 0.94970703125 0.7760416666666666 0.1005859375 0.076171875
0 0.952880859375 0.8570963541666666 0.09423828125 0.07877604166666667
0 0.95654296875 0.9397786458333334 0.0869140625 0.07356770833333333
0 0.95263671875 0.9886067708333334 0.0947265625 0.022786458333333332
0 0.662841796875 0.9505208333333334 0.1103515625 0.07356770833333333
0 0.6552734375 0.8720703125 0.11962890625 0.07291666666666667
0 0.659423828125 0.7838541666666666 0.130859375 0.07356770833333333
0 0.652587890625 0.7086588541666666 0.12109375 0.07096354166666667
0 0.650390625 0.6168619791666666 0.12646484375 0.059895833333333336
0 0.641845703125 0.5397135416666666 0.12939453125 0.06575520833333333
0 0.65771484375 0.4615885416666667 0.12353515625 0.06315104166666667
0 0.653076171875 0.3818359375 0.12158203125 0.06640625
0 0.655517578125 0.3053385416666667 0.12109375 0.064453125
0 0.635498046875 0.22135416666666666 0.13037109375 0.07486979166666667
0 0.3681640625 0.23177083333333334 0.126953125 0.07877604166666667
0 0.366455078125 0.3118489583333333 0.1123046875 0.06315104166666667
0 0.37109375 0.384765625 0.1181640625 0.08138020833333333
0 0.366943359375 0.5452473958333334 0.1162109375 0.07942708333333333
0 0.366943359375 0.6240234375 0.11572265625 0.07942708333333333
0 0.3701171875 0.7063802083333334 0.11962890625 0.07096354166666667
0 0.3759765625 0.7913411458333334 0.123046875 0.08854166666666667
0 0.370849609375 0.8772786458333334 0.1201171875 0.07552083333333333
0 0.376953125 0.9602864583333334 0.126953125 0.07942708333333333
0 0.240966796875 0.9609375 0.1220703125 0.078125
0 0.240966796875 0.8782552083333334 0.1337890625 0.08138020833333333
0 0.238525390625 0.796875 0.12939453125 0.08138020833333333
0 0.23974609375 0.7161458333333334 0.12646484375 0.07486979166666667
0 0.24072265625 0.6373697916666666 0.13427734375 0.07877604166666667
0 0.241455078125 0.5501302083333334 0.12744140625 0.076171875
0 0.240478515625 0.4720052083333333 0.1318359375 0.07291666666666667
0 0.2333984375 0.390625 0.12353515625 0.07486979166666667
0 0.249755859375 0.3111979166666667 0.115234375 0.068359375
0 0.24267578125 0.22981770833333334 0.11572265625 0.06770833333333333
0 0.31201171875 0.029622395833333332 0.134765625 0.059244791666666664