0 0.096875 0.969 0.0955 0.061666666666666536
0 0.07375 0.9091666666666667 0.0985 0.06566666666666669
0 0.090375 0.831 0.097 0.07533333333333332
0 0.061375 0.7393333333333333 0.094 0.09266666666666683
0 0.0455 0.6013333333333334 0.091 0.137
0 0.036875 0.49033333333333334 0.07375 0.0773333333333334
0 0.0405 0.37933333333333336 0.081 0.11000000000000003
0 0.064375 0.29433333333333334 0.068 0.09066666666666671
0 0.05424999999999999 0.18916666666666668 0.09125 0.08500000000000002
0 0.647 0.021333333333333333 0.11575000000000002 0.042666666666666665
0 0.647625 0.1515 0.10275000000000012 0.08699999999999998
0 0.656375 0.24033333333333332 0.13175000000000003 0.07133333333333332
0 0.6411250000000001 0.32150000000000006 0.12749999999999995 0.07133333333333336
0 0.63825 0.39566666666666667 0.12149999999999994 0.057999999999999975
0 0.9313750000000001 0.3146666666666667 0.13450000000000006 0.08500000000000003
0 0.945125 0.23450000000000001 0.10125000000000006 0.06366666666666669
0 0.65125 0.4865 0.12450000000000006 0.06166666666666668
0 0.656375 0.5675 0.10850000000000004 0.06566666666666669
0 0.65925 0.6515000000000001 0.123 0.05966666666666661
0 0.649875 0.7266666666666667 0.1332500000000001 0.07533333333333332
0 0.657125 0.8106666666666666 0.10125000000000006 0.0773333333333334
0 0.657125 0.8878333333333334 0.12749999999999995 0.07333333333333325
0 0.6491250000000001 0.9671666666666666 0.12024999999999997 0.06566666666666669
0 0.9465 0.9573333333333333 0.10699999999999998 0.07333333333333325
0 0.9465 0.8743333333333334 0.10699999999999998 0.07333333333333325
0 0.95375 0.8068333333333334 0.09250000000000003 0.07333333333333325
0 0.948 0.7296666666666667 0.10399999999999998 0.06566666666666669
0 0.948 0.6476666666666667 0.10399999999999998 0.0713333333333334
0 0.9465 0.5655 0.10699999999999998 0.0693333333333334
0 0.945125 0.47583333333333333 0.10699999999999998 0.06766666666666661
0 0.94575 0.39766666666666667 0.10850000000000004 0.08099999999999996