0 0.886474609375 0.035807291666666664 0.1142578125 0.07161458333333333
0 0.88720703125 0.107421875 0.12451171875 0.09049479166666667
0 0.892333984375 0.19791666666666666 0.1171875 0.09049479166666667
0 0.8974609375 0.2916666666666667 0.11865234375 0.07356770833333333
0 0.896728515625 0.3707682291666667 0.1142578125 0.08072916666666667
0 0.90087890625 0.4498697916666667 0.123046875 0.09244791666666667
0 0.89794921875 0.5299479166666666 0.1142578125 0.07877604166666667
0 0.896728515625 0.6217447916666666 0.123046875 0.08528645833333333
0 0.90087890625 0.7027994791666666 0.111328125 0.08072916666666667
0 0.898681640625 0.7962239583333334 0.10986328125 0.07877604166666667
0 0.892333984375 0.8756510416666666 0.09423828125 0.07161458333333333
0 0.896728515625 0.9505208333333334 0.1025390625 0.07161458333333333