0 0.0825 0.9674999999999999 0.12075 0.0650000000000001
0 0.07 0.8913333333333333 0.12075000000000001 0.06899999999999995
0 0.062 0.8168333333333333 0.1215 0.08200000000000014
0 0.06375 0.7406666666666667 0.1275 0.07066666666666659
0 0.062 0.6628333333333333 0.12 0.06599999999999999
0 0.0605 0.5866666666666667 0.12 0.08099999999999996
0 0.06 0.42250000000000004 0.12 0.08366666666666663
0 0.05575 0.33816666666666667 0.1115 0.08666666666666663
0 0.051250000000000004 0.2568333333333333 0.10250000000000001 0.08766666666666663
0 0.053375 0.18333333333333335 0.10675 0.07633333333333335
0 0.047375 0.10283333333333333 0.09475 0.081
0 0.0575 0.029833333333333333 0.115 0.059666666666666666
0 0.354 0.028833333333333336 0.129 0.05766666666666667
0 0.354625 0.09416666666666668 0.12350000000000005 0.078
0 0.35075 0.18066666666666667 0.12850000000000006 0.07433333333333335
0 0.354 0.26666666666666666 0.12924999999999998 0.07533333333333332
0 0.33337500000000003 0.4656666666666667 0.12849999999999995 0.06599999999999999
0 0.36825 0.5895 0.13824999999999998 0.07166666666666661
0 0.3735 0.6788333333333334 0.12775000000000003 0.0846666666666666
0 0.372375 0.7611666666666667 0.12850000000000006 0.0650000000000001
0 0.36275 0.8438333333333333 0.11724999999999997 0.07433333333333329
0 0.700625 0.455 0.13050000000000006 0.0736666666666667
0 0.694125 0.38083333333333336 0.12349999999999994 0.06833333333333336
0 0.632375 0.25466666666666665 0.12575000000000003 0.08066666666666666
0 0.63 0.17233333333333334 0.12575000000000003 0.06733333333333331
0 0.62025 0.09516666666666668 0.12650000000000006 0.07866666666666666
0 0.6215 0.0285 0.12424999999999997 0.055
0 0.756125 0.0295 0.11874999999999991 0.05499999999999999
0 0.75775 0.08283333333333333 0.13274999999999992 0.07866666666666666
0 0.7535000000000001 0.1728333333333333 0.1087499999999999 0.06633333333333336
0 0.757375 0.24066666666666667 0.12725000000000009 0.09200000000000001
0 0.63625 0.5930000000000001 0.12525000000000008 0.07233333333333336
0 0.763625 0.5945 0.11674999999999991 0.0693333333333334
0 0.763375 0.6708333333333334 0.12624999999999997 0.07499999999999996
0 0.627625 0.6711666666666667 0.12975000000000003 0.07300000000000002
0 0.630625 0.7526666666666667 0.12749999999999995 0.07666666666666681
0 0.76275 0.7471666666666666 0.123 0.06600000000000013
0 0.634625 0.835 0.123 0.06766666666666676
0 0.761625 0.8293333333333334 0.12074999999999991 0.07066666666666659
0 0.76825 0.9041666666666667 0.11999999999999988 0.07200000000000006
0 0.770375 0.9745 0.12050000000000005 0.04733333333333345
0 0.636875 0.9771666666666667 0.13749999999999996 0.04566666666666652
0 0.641875 0.9035000000000001 0.11149999999999993 0.07900000000000003
0 0.36425 0.9248333333333334 0.13024999999999998 0.0693333333333334
0 0.3705 0.983 0.11324999999999996 0.034000000000000107