0 0.8505859375 0.060546875 0.048828125 0.12109375
0 0.136474609375 0.060546875 0.02294921875 0.12109375
0 0.1806640625 0.056315104166666664 0.0595703125 0.11263020833333333
0 0.23974609375 0.060221354166666664 0.0537109375 0.12044270833333333
0 0.305908203125 0.058919270833333336 0.05615234375 0.11783854166666667
0 0.79296875 0.06412760416666667 0.0498046875 0.12825520833333334
0 0.7333984375 0.0712890625 0.0546875 0.142578125
0 0.67529296875 0.060872395833333336 0.0498046875 0.12174479166666667
0 0.615966796875 0.064453125 0.05712890625 0.12890625
0 0.55322265625 0.055338541666666664 0.052734375 0.11067708333333333
0 0.487548828125 0.058919270833333336 0.05322265625 0.11783854166666667
0 0.4287109375 0.0625 0.0478515625 0.125
0 0.367431640625 0.06575520833333333 0.05126953125 0.13151041666666666
0 0.854736328125 0.4202473958333333 0.04052734375 0.15755208333333334
0 0.799560546875 0.421875 0.0673828125 0.16731770833333334
0 0.73388671875 0.4130859375 0.05126953125 0.16015625
0 0.673828125 0.4244791666666667 0.05712890625 0.17643229166666666
0 0.61474609375 0.4228515625 0.04541015625 0.15625
0 0.55322265625 0.4228515625 0.04541015625 0.16276041666666666
0 0.49560546875 0.4283854166666667 0.04736328125 0.15690104166666666
0 0.436767578125 0.4049479166666667 0.04931640625 0.1640625
0 0.369384765625 0.4202473958333333 0.052734375 0.16145833333333334
0 0.30615234375 0.4212239583333333 0.056640625 0.15690104166666666
0 0.23974609375 0.4264322916666667 0.06396484375 0.158203125
0 0.173828125 0.4322916666666667 0.05810546875 0.16471354166666666
0 0.133056640625 0.4375 0.01611328125 0.16080729166666666