0 0.1494140625 0.9391276041666666 0.048828125 0.12174479166666667
0 0.863525390625 0.939453125 0.02294921875 0.12109375
0 0.81884765625 0.9436848958333334 0.0595703125 0.11263020833333333
0 0.759765625 0.9397786458333334 0.0537109375 0.12044270833333333
0 0.693603515625 0.9410807291666666 0.05615234375 0.11783854166666667
0 0.20703125 0.935546875 0.0498046875 0.12890625
0 0.2666015625 0.9283854166666666 0.0546875 0.14322916666666666
0 0.32421875 0.9391276041666666 0.0498046875 0.12174479166666667
0 0.384033203125 0.9352213541666666 0.05712890625 0.12955729166666666
0 0.4462890625 0.9446614583333334 0.052734375 0.11067708333333333
0 0.511962890625 0.9410807291666666 0.05322265625 0.11783854166666667
0 0.5712890625 0.9371744791666666 0.0478515625 0.12565104166666666
0 0.632080078125 0.9339192708333334 0.05126953125 0.13216145833333334
0 0.145263671875 0.5797526041666666 0.04052734375 0.15755208333333334
0 0.200439453125 0.578125 0.0673828125 0.16731770833333334
0 0.26611328125 0.5869140625 0.05126953125 0.16015625
0 0.326171875 0.5755208333333334 0.05712890625 0.17643229166666666
0 0.38525390625 0.5771484375 0.04541015625 0.15625
0 0.44677734375 0.5771484375 0.04541015625 0.16276041666666666
0 0.50439453125 0.5716145833333334 0.04736328125 0.15690104166666666
0 0.563232421875 0.5950520833333334 0.04931640625 0.1640625
0 0.630615234375 0.5797526041666666 0.052734375 0.16145833333333334
0 0.69384765625 0.5787760416666666 0.056640625 0.15690104166666666
0 0.76025390625 0.5735677083333334 0.06396484375 0.158203125
0 0.826171875 0.5677083333333334 0.05810546875 0.16471354166666666
0 0.866943359375 0.5625 0.01611328125 0.16080729166666666