0 0.88075 0.9628333333333333 0.119 0.07433333333333329
0 0.983875 0.9129999999999999 0.03224999999999989 0.061666666666666536
0 0.9625 0.6495000000000001 0.07499999999999996 0.06833333333333336
0 0.965125 0.5708333333333334 0.06974999999999998 0.09166666666666663
0 0.969625 0.47866666666666663 0.06074999999999997 0.07500000000000002
0 0.967125 0.32516666666666666 0.06574999999999998 0.07833333333333332
0 0.967625 0.24583333333333335 0.06474999999999997 0.0716666666666667
0 0.970125 0.163 0.05974999999999997 0.07566666666666667
0 0.969875 0.0835 0.060249999999999915 0.06933333333333334
0 0.840375 0.07616666666666667 0.12749999999999995 0.07100000000000001
0 0.8265 0.015166666666666667 0.12400000000000011 0.030333333333333334
0 0.8336250000000001 0.16566666666666666 0.1332500000000001 0.07900000000000001
0 0.846125 0.244 0.13250000000000006 0.0776666666666667
0 0.83975 0.33116666666666666 0.13250000000000006 0.08000000000000003
0 0.834 0.41300000000000003 0.13250000000000006 0.0696666666666667
0 0.843875 0.4965 0.13024999999999998 0.0696666666666667
0 0.842375 0.5750000000000001 0.12850000000000006 0.07600000000000007
0 0.84325 0.6568333333333334 0.12549999999999994 0.06599999999999999
0 0.5796250000000001 0.8176666666666667 0.1180000000000001 0.06666666666666672
0 0.5660000000000001 0.6583333333333333 0.13024999999999998 0.07533333333333332
0 0.560125 0.5750000000000001 0.12674999999999997 0.06366666666666661
0 0.567375 0.5045000000000001 0.10525000000000007 0.06366666666666661
0 0.559875 0.42216666666666663 0.12375000000000003 0.06366666666666661
0 0.55375 0.33116666666666666 0.13250000000000006 0.06599999999999999
0 0.556875 0.2505 0.11800000000000005 0.06599999999999999
0 0.561625 0.16366666666666665 0.12149999999999994 0.08600000000000001
0 0.547625 0.07333333333333333 0.12024999999999997 0.07300000000000001
0 0.54875 0.019333333333333334 0.12149999999999994 0.03866666666666667