0 0.856689453125 0.4345703125 0.03662109375 0.1796875
0 0.8046875 0.4348958333333333 0.05810546875 0.15234375
0 0.744140625 0.4329427083333333 0.06689453125 0.162109375
0 0.68115234375 0.4361979166666667 0.05126953125 0.16536458333333334
0 0.6171875 0.4371744791666667 0.05908203125 0.150390625
0 0.554931640625 0.4407552083333333 0.0498046875 0.15234375
0 0.546630859375 0.208984375 0.05859375 0.17708333333333334
0 0.612548828125 0.06510416666666667 0.05322265625 0.13020833333333334
0 0.68212890625 0.05859375 0.048828125 0.1171875
0 0.74072265625 0.06315104166666667 0.05078125 0.12630208333333334
0 0.854736328125 0.06412760416666667 0.04052734375 0.12825520833333334
0 0.802978515625 0.062174479166666664 0.05126953125 0.12434895833333333