0 0.56 0.9498333333333333 0.13975000000000004 0.07433333333333329
0 0.56075 0.8651666666666666 0.12424999999999997 0.07333333333333325
0 0.564875 0.7828333333333334 0.12424999999999997 0.06666666666666672
0 0.5565 0.6993333333333333 0.1080000000000001 0.06699999999999995
0 0.55425 0.627 0.11474999999999996 0.052000000000000046
0 0.558875 0.5428333333333334 0.12074999999999997 0.0693333333333334
0 0.56475 0.4598333333333333 0.12349999999999994 0.05733333333333338
0 0.55325 0.3835 0.11850000000000005 0.06700000000000002
0 0.55625 0.29550000000000004 0.11349999999999999 0.077
0 0.5555 0.2091666666666667 0.12175000000000002 0.06999999999999999
0 0.548 0.12083333333333333 0.12349999999999994 0.08233333333333333
0 0.54775 0.0415 0.13375000000000004 0.08
0 0.831375 0.04616666666666667 0.1259999999999999 0.08033333333333333
0 0.842 0.12716666666666668 0.12949999999999995 0.07633333333333332
0 0.8446250000000001 0.20783333333333334 0.12474999999999992 0.0716666666666667
0 0.848875 0.2936666666666667 0.1299999999999999 0.07066666666666666
0 0.841 0.37683333333333335 0.13375000000000004 0.06899999999999995
0 0.83575 0.4543333333333333 0.12400000000000011 0.07100000000000002
0 0.8425 0.5333333333333333 0.13175000000000003 0.06833333333333336
0 0.834 0.6178333333333333 0.12775000000000003 0.07266666666666666
0 0.837375 0.7008333333333333 0.12725000000000009 0.06633333333333329
0 0.834 0.7835000000000001 0.13575000000000004 0.06233333333333343
0 0.969875 0.7753333333333333 0.060249999999999915 0.057000000000000085
0 0.96725 0.6973333333333334 0.06549999999999989 0.06699999999999995
0 0.9715 0.5361666666666667 0.05699999999999994 0.061333333333333385
0 0.964875 0.4503333333333333 0.07024999999999992 0.06633333333333329
0 0.9646250000000001 0.37200000000000005 0.07074999999999998 0.0733333333333334
0 0.966375 0.2121666666666667 0.06725000000000003 0.076
0 0.967125 0.1255 0.06574999999999998 0.074
0 0.9605 0.049833333333333334 0.07899999999999996 0.07533333333333335