0 0.1640625 0.15852864583333334 0.05908203125 0.177734375
0 0.175048828125 0.326171875 0.05810546875 0.166015625
0 0.15185546875 0.7662760416666666 0.06640625 0.173828125
0 0.24169921875 0.8001302083333334 0.05517578125 0.16015625
0 0.088134765625 0.751953125 0.05810546875 0.1875
0 0.0361328125 0.5540364583333334 0.072265625 0.06575520833333333
0 0.031005859375 0.4720052083333333 0.06201171875 0.07161458333333333
0 0.03173828125 0.3968098958333333 0.0634765625 0.08268229166666667
0 0.02734375 0.3206380208333333 0.0546875 0.06901041666666667
0 0.0166015625 0.24446614583333334 0.033203125 0.055989583333333336
0 0.017333984375 0.16731770833333334 0.03466796875 0.06380208333333333
0 0.02099609375 0.08528645833333333 0.0419921875 0.06901041666666667