0 0.05575 0.18700000000000003 0.1115 0.08699999999999998
0 0.116 0.9403333333333334 0.11574999999999999 0.1120000000000001
0 0.88775 0.9566666666666667 0.06499999999999995 0.0866666666666666
0 0.913875 0.8255 0.056499999999999995 0.10233333333333346
0 0.7721250000000001 0.731 0.11725000000000008 0.12533333333333344
0 0.5962500000000001 0.6538333333333334 0.11874999999999991 0.12533333333333338
0 0.4415 0.541 0.11575000000000002 0.10433333333333339
0 0.323625 0.461 0.11150000000000004 0.137
0 0.1825 0.3895 0.12724999999999997 0.1136666666666667
0 0.628 0.35566666666666663 0.1332500000000001 0.05433333333333331
0 0.754625 0.351 0.123 0.06366666666666665
0 0.7525000000000001 0.27666666666666667 0.11575000000000002 0.07733333333333332
0 0.621625 0.28150000000000003 0.12575000000000003 0.0676666666666667
0 0.6215 0.19566666666666666 0.14050000000000007 0.07733333333333332
0 0.760375 0.19183333333333333 0.1259999999999999 0.06166666666666668
0 0.756125 0.11166666666666668 0.12874999999999992 0.07533333333333332
0 0.62225 0.11366666666666668 0.1332500000000001 0.07533333333333332
0 0.754 0.030333333333333334 0.14175000000000004 0.06066666666666667
0 0.62375 0.03833333333333334 0.12149999999999994 0.07166666666666667
0 0.345875 0.04700000000000001 0.12449999999999994 0.08133333333333333
0 0.353125 0.1165 0.12450000000000006 0.07733333333333332
0 0.34025 0.21 0.136 0.08699999999999998
0 0.062375 0.029333333333333333 0.12475 0.058666666666666666
0 0.052875 0.09633333333333333 0.10575 0.07533333333333332