0 0.162109375 0.7171223958333334 0.05517578125 0.14713541666666666
0 0.220947265625 0.70703125 0.0546875 0.15950520833333334
0 0.287109375 0.7125651041666666 0.05517578125 0.17447916666666666
0 0.343505859375 0.7034505208333334 0.05322265625 0.16145833333333334
0 0.412353515625 0.7005208333333334 0.044921875 0.16861979166666666
0 0.47021484375 0.6891276041666666 0.04931640625 0.17252604166666666
0 0.52880859375 0.7102864583333334 0.04736328125 0.16471354166666666
0 0.588623046875 0.7041015625 0.0498046875 0.162109375
0 0.64599609375 0.7073567708333334 0.04833984375 0.16145833333333334
0 0.708984375 0.6806640625 0.05615234375 0.173828125
0 0.701171875 0.32421875 0.05908203125 0.16927083333333334
0 0.64111328125 0.3219401041666667 0.04736328125 0.14973958333333334
0 0.58642578125 0.328125 0.06103515625 0.15755208333333334
0 0.466064453125 0.3225911458333333 0.0595703125 0.15494791666666666
0 0.406982421875 0.3225911458333333 0.0595703125 0.154296875
0 0.34521484375 0.3268229166666667 0.05322265625 0.15950520833333334
0 0.281494140625 0.3346354166666667 0.06640625 0.1640625
0 0.217041015625 0.3277994791666667 0.056640625 0.16015625
0 0.15478515625 0.3359375 0.0595703125 0.16927083333333334
0 0.154296875 0.15462239583333334 0.05859375 0.16276041666666666
0 0.21630859375 0.15462239583333334 0.06103515625 0.17838541666666666
0 0.27734375 0.1513671875 0.06103515625 0.17252604166666666
0 0.337890625 0.15299479166666666 0.05615234375 0.16861979166666666
0 0.39697265625 0.154296875 0.05908203125 0.17903645833333334
0 0.46240234375 0.1552734375 0.05712890625 0.169921875
0 0.52099609375 0.15397135416666666 0.0546875 0.17578125
0 0.58203125 0.14453125 0.05615234375 0.16471354166666666
0 0.6416015625 0.16634114583333334 0.05126953125 0.15364583333333334
0 0.70263671875 0.15690104166666666 0.05078125 0.154296875
0 0.852783203125 0.24934895833333334 0.04443359375 0.1796875