0 0.337375 0.25233333333333335 0.13775000000000004 0.074
0 0.08374999999999999 0.9686666666666667 0.129 0.06266666666666658
0 0.08149999999999999 0.8975 0.1255 0.07566666666666677
0 0.078375 0.8201666666666667 0.129 0.07100000000000002
0 0.07525000000000001 0.7406666666666667 0.1265 0.06600000000000013
0 0.068375 0.6571666666666666 0.12175 0.0763333333333333
0 0.07087500000000001 0.586 0.13475 0.06833333333333336
0 0.073 0.5023333333333334 0.12475 0.0696666666666667
0 0.081 0.42650000000000005 0.13275 0.06833333333333336
0 0.060125 0.3421666666666667 0.12025 0.06833333333333336
0 0.061125 0.263 0.12225 0.0843333333333333
0 0.027375 0.14133333333333334 0.05475 0.06899999999999999
0 0.029375000000000002 0.0665 0.058750000000000004 0.08700000000000001
0 0.34175 0.972 0.12175000000000002 0.05600000000000005
0 0.3645 0.902 0.13150000000000006 0.08033333333333322
0 0.358625 0.8185000000000001 0.14350000000000007 0.07066666666666659
0 0.345875 0.7445 0.11824999999999997 0.0773333333333334
0 0.347125 0.6665 0.11350000000000005 0.07866666666666673
0 0.33625 0.5851666666666667 0.13524999999999998 0.074
0 0.33925 0.504 0.12675000000000003 0.07233333333333336
0 0.33375 0.4283333333333333 0.13050000000000006 0.06266666666666672
0 0.332 0.34149999999999997 0.11950000000000005 0.07566666666666666
0 0.36162500000000003 0.05283333333333334 0.12775000000000003 0.08033333333333334
0 0.64925 0.9808333333333333 0.14349999999999996 0.03833333333333341
0 0.649875 0.9198333333333334 0.14000000000000012 0.08033333333333322
0 0.6505 0.8481666666666667 0.13624999999999998 0.08533333333333341
0 0.649875 0.7613333333333334 0.12775000000000003 0.06899999999999995
0 0.6535 0.6833333333333332 0.11349999999999993 0.06433333333333328
0 0.6445 0.6076666666666667 0.12424999999999997 0.08366666666666663
0 0.6445 0.5111666666666667 0.1459999999999999 0.08033333333333337
0 0.65475 0.4331666666666667 0.12549999999999994 0.05966666666666661
0 0.6511250000000001 0.3551666666666667 0.13274999999999992 0.057999999999999975
0 0.660125 0.2788333333333333 0.12424999999999997 0.08533333333333333
0 0.657125 0.19200000000000003 0.14474999999999993 0.07233333333333335
0 0.652875 0.1075 0.13874999999999993 0.08366666666666667
0 0.956875 0.24183333333333334 0.06174999999999997 0.16566666666666666
0 0.9315 0.4283333333333333 0.047250000000000014 0.15266666666666673