0 0.83740234375 0.419921875 0.0556640625 0.18619791666666666
0 0.77392578125 0.4189453125 0.05517578125 0.16536458333333334
0 0.712158203125 0.4134114583333333 0.0498046875 0.16536458333333334
0 0.6494140625 0.4248046875 0.05029296875 0.14388020833333334
0 0.59521484375 0.427734375 0.0390625 0.15299479166666666
0 0.5322265625 0.4215494791666667 0.0517578125 0.16080729166666666
0 0.469970703125 0.4137369791666667 0.04296875 0.16471354166666666
0 0.41259765625 0.4290364583333333 0.05029296875 0.158203125
0 0.3466796875 0.4251302083333333 0.0576171875 0.15104166666666666
0 0.281982421875 0.4261067708333333 0.052734375 0.162109375
0 0.215576171875 0.4358723958333333 0.0615234375 0.16471354166666666
0 0.156005859375 0.4361979166666667 0.06005859375 0.17838541666666666
0 0.159423828125 0.07096354166666667 0.06005859375 0.14192708333333334
0 0.220458984375 0.06510416666666667 0.05712890625 0.13020833333333334
0 0.28076171875 0.0615234375 0.0537109375 0.123046875
0 0.344970703125 0.060546875 0.05322265625 0.12109375
0 0.40771484375 0.06705729166666667 0.0517578125 0.13411458333333334
0 0.465576171875 0.0673828125 0.05322265625 0.134765625
0 0.524658203125 0.0654296875 0.05126953125 0.130859375
0 0.58837890625 0.06998697916666667 0.0546875 0.13997395833333334
0 0.650390625 0.0673828125 0.0498046875 0.134765625
0 0.71240234375 0.07259114583333333 0.046875 0.14518229166666666