0 0.341064453125 0.15299479166666666 0.12890625 0.07877604166666667
0 0.0537109375 0.7067057291666666 0.107421875 0.09440104166666667
0 0.332275390625 0.013346354166666666 0.1259765625 0.026692708333333332
0 0.335205078125 0.07096354166666667 0.123046875 0.061848958333333336
0 0.0595703125 0.5185546875 0.119140625 0.07356770833333333
0 0.046630859375 0.3815104166666667 0.0869140625 0.07682291666666667
0 0.04638671875 0.291015625 0.0927734375 0.07356770833333333
0 0.044189453125 0.212890625 0.08837890625 0.06380208333333333
0 0.04736328125 0.1328125 0.0947265625 0.08528645833333333
0 0.05078125 0.0517578125 0.1015625 0.061848958333333336
0 0.2138671875 0.1162109375 0.06787109375 0.17578125
0 0.6796875 0.6256510416666666 0.07080078125 0.1484375
0 0.6630859375 0.8020833333333334 0.060546875 0.13932291666666666
0 0.050048828125 0.8792317708333334 0.10009765625 0.08072916666666667
0 0.052978515625 0.9563802083333334 0.10595703125 0.07682291666666667
0 0.34326171875 0.9677734375 0.12451171875 0.064453125
0 0.045654296875 0.7945963541666666 0.09130859375 0.08528645833333333
0 0.35693359375 0.8909505208333334 0.1259765625 0.07356770833333333
0 0.35400390625 0.8098958333333334 0.13427734375 0.08072916666666667
0 0.3525390625 0.7268880208333334 0.1259765625 0.07747395833333333
0 0.3525390625 0.6402994791666666 0.14306640625 0.06575520833333333
0 0.34912109375 0.5572916666666666 0.12744140625 0.06901041666666667
0 0.341796875 0.4772135416666667 0.12744140625 0.055989583333333336
0 0.341796875 0.3912760416666667 0.12158203125 0.061848958333333336
0 0.341796875 0.3102213541666667 0.12158203125 0.06901041666666667
0 0.343994140625 0.23600260416666666 0.13427734375 0.07552083333333333