0 0.1142578125 0.7496744791666666 0.0615234375 0.17643229166666666
0 0.174560546875 0.7412109375 0.05712890625 0.16471354166666666
0 0.179443359375 0.9059244791666666 0.05810546875 0.134765625
0 0.88330078125 0.019856770833333332 0.03466796875 0.039713541666666664
0 0.89306640625 0.08723958333333333 0.03515625 0.068359375
0 0.896484375 0.15852864583333334 0.04052734375 0.061848958333333336
0 0.8984375 0.2333984375 0.0380859375 0.06640625
0 0.905029296875 0.3199869791666667 0.02978515625 0.06705729166666667
0 0.908203125 0.390625 0.0244140625 0.061197916666666664
0 0.91552734375 0.4697265625 0.01953125 0.061197916666666664
0 0.903076171875 0.5511067708333334 0.0517578125 0.06315104166666667
0 0.91015625 0.6266276041666666 0.04052734375 0.061848958333333336
0 0.918212890625 0.7041015625 0.02490234375 0.0625
0 0.91748046875 0.78515625 0.0302734375 0.06380208333333333
0 0.913330078125 0.8671875 0.03271484375 0.0625
0 0.9169921875 0.9488932291666666 0.02587890625 0.060546875
0 0.77880859375 0.79296875 0.05419921875 0.16731770833333334
0 0.79345703125 0.943359375 0.0546875 0.11328125
0 0.701416015625 0.5123697916666666 0.12744140625 0.068359375
0 0.6357421875 0.3756510416666667 0.119140625 0.0625
0 0.5986328125 0.30078125 0.1162109375 0.057291666666666664
0 0.759521484375 0.09244791666666667 0.0576171875 0.138671875
0 0.573974609375 0.1826171875 0.1005859375 0.03125
0 0.48388671875 0.3232421875 0.0517578125 0.09635416666666667
0 0.2412109375 0.10091145833333333 0.064453125 0.17122395833333334
0 0.1689453125 0.14290364583333334 0.0595703125 0.16861979166666666