0 0.794921875 0.7233072916666666 0.111328125 0.06901041666666667
0 0.657470703125 0.7096354166666666 0.10546875 0.06901041666666667
0 0.827392578125 0.2919921875 0.0517578125 0.16796875
0 0.771728515625 0.287109375 0.044921875 0.158203125
0 0.713134765625 0.2890625 0.04931640625 0.173828125
0 0.653076171875 0.3024088541666667 0.05078125 0.154296875
0 0.593017578125 0.2841796875 0.04638671875 0.171875
0 0.53173828125 0.2861328125 0.056640625 0.1640625
0 0.468017578125 0.3072916666666667 0.05078125 0.16015625
0 0.41064453125 0.3017578125 0.0517578125 0.17578125
0 0.343505859375 0.3033854166666667 0.0537109375 0.17903645833333334
0 0.2841796875 0.3043619791666667 0.0537109375 0.181640625
0 0.21923828125 0.3033854166666667 0.0537109375 0.19075520833333334
0 0.162841796875 0.2880859375 0.056640625 0.18684895833333334