0 0.332625 0.8931666666666667 0.052000000000000046 0.14866666666666659
0 0.342875 0.71 0.052000000000000046 0.14066666666666663
0 0.656 0.9366666666666666 0.12575000000000003 0.0693333333333334
0 0.659625 0.8623333333333334 0.11874999999999991 0.05966666666666676
0 0.65825 0.7841666666666667 0.13024999999999998 0.06566666666666669
0 0.6481250000000001 0.7041666666666666 0.11575000000000002 0.06766666666666676
0 0.661875 0.6241666666666666 0.12874999999999992 0.06166666666666668
0 0.660375 0.5421666666666667 0.123 0.07533333333333332
0 0.6445 0.45733333333333337 0.11999999999999988 0.06766666666666661
0 0.64875 0.381 0.13175000000000003 0.0693333333333334
0 0.647375 0.29133333333333333 0.13450000000000006 0.07133333333333332
0 0.646625 0.21233333333333335 0.13600000000000012 0.07133333333333332
0 0.647375 0.1255 0.1432500000000001 0.07133333333333332
0 0.658875 0.050333333333333334 0.14024999999999999 0.07533333333333335
0 0.9470000000000001 0.06466666666666666 0.10599999999999998 0.06933333333333334
0 0.9470000000000001 0.139 0.10599999999999998 0.07533333333333335
0 0.93525 0.22866666666666668 0.11149999999999993 0.07700000000000003
0 0.9405 0.3106666666666667 0.119 0.0676666666666667
0 0.9535 0.3945 0.09299999999999997 0.0693333333333334
0 0.949875 0.4698333333333333 0.10024999999999995 0.0733333333333334
0 0.95275 0.547 0.09450000000000003 0.06566666666666669
0 0.952125 0.627 0.09575 0.05966666666666661
0 0.9535 0.71 0.09299999999999997 0.07533333333333332
0 0.9535 0.7871666666666667 0.09299999999999997 0.06766666666666676
0 0.949875 0.8681666666666668 0.10024999999999995 0.06366666666666661