0 0.864013671875 0.306640625 0.02197265625 0.154296875
0 0.81689453125 0.310546875 0.05322265625 0.16536458333333334
0 0.75830078125 0.3040364583333333 0.06396484375 0.181640625
0 0.698974609375 0.2858072916666667 0.0478515625 0.16080729166666666
0 0.6796875 0.98046875 0.0556640625 0.0390625
0 0.244140625 0.9794921875 0.05078125 0.041015625
0 0.135009765625 0.7102864583333334 0.02001953125 0.17057291666666666
0 0.1767578125 0.7213541666666666 0.05810546875 0.16080729166666666
0 0.2412109375 0.7233072916666666 0.0615234375 0.173828125
0 0.308837890625 0.7174479166666666 0.06884765625 0.16927083333333334
0 0.41552734375 0.6803385416666666 0.0654296875 0.181640625
0 0.559814453125 0.7174479166666666 0.0615234375 0.171875
0 0.62060546875 0.716796875 0.05810546875 0.16080729166666666
0 0.68505859375 0.7151692708333334 0.05908203125 0.16080729166666666
0 0.74609375 0.7102864583333334 0.0556640625 0.16080729166666666
0 0.80224609375 0.7135416666666666 0.06396484375 0.16080729166666666
0 0.85400390625 0.7102864583333334 0.0419921875 0.15104166666666666
0 0.150146484375 0.2952473958333333 0.05029296875 0.17708333333333334
0 0.20263671875 0.2962239583333333 0.05908203125 0.181640625
0 0.26904296875 0.296875 0.05908203125 0.173828125
0 0.3310546875 0.296875 0.0654296875 0.173828125
0 0.45361328125 0.2975260416666667 0.05419921875 0.18489583333333334
0 0.515625 0.2936197916666667 0.05078125 0.18684895833333334
0 0.572265625 0.2985026041666667 0.0556640625 0.18684895833333334
0 0.63623046875 0.2985026041666667 0.0458984375 0.173828125