0 0.339599609375 0.5042317708333334 0.14599609375 0.07161458333333333
0 0.3388671875 0.3421223958333333 0.150390625 0.07877604166666667
0 0.335205078125 0.4287109375 0.14892578125 0.07877604166666667
0 0.349853515625 0.591796875 0.14306640625 0.06575520833333333
0 0.34619140625 0.666015625 0.13037109375 0.07552083333333333
0 0.34326171875 0.74609375 0.13623046875 0.06901041666666667
0 0.351318359375 0.833984375 0.13427734375 0.08268229166666667
0 0.356201171875 0.9189453125 0.13916015625 0.07877604166666667
0 0.34814453125 0.9801432291666666 0.1318359375 0.039713541666666664
0 0.048583984375 0.9013671875 0.09716796875 0.07877604166666667
0 0.044921875 0.8108723958333334 0.08984375 0.07552083333333333
0 0.046630859375 0.7307942708333334 0.08984375 0.08528645833333333
0 0.219482421875 0.6315104166666666 0.06787109375 0.17903645833333334
0 0.19921875 0.1318359375 0.13427734375 0.11393229166666667
0 0.07275390625 0.0703125 0.0986328125 0.11393229166666667
0 0.048583984375 0.3238932291666667 0.09716796875 0.06901041666666667
0 0.0478515625 0.4075520833333333 0.095703125 0.07552083333333333
0 0.04638671875 0.4856770833333333 0.0927734375 0.06575520833333333
0 0.05078125 0.5618489583333334 0.1015625 0.06770833333333333
0 0.0478515625 0.6461588541666666 0.095703125 0.06901041666666667