0 0.952880859375 0.025065104166666668 0.09423828125 0.050130208333333336
0 0.949462890625 0.1123046875 0.10107421875 0.09635416666666667
0 0.918212890625 0.1884765625 0.07666015625 0.08723958333333333
0 0.931396484375 0.2945963541666667 0.09130859375 0.09830729166666667
0 0.3486328125 0.3834635416666667 0.12744140625 0.06380208333333333
0 0.3427734375 0.23372395833333334 0.10107421875 0.06575520833333333
0 0.335693359375 0.14485677083333334 0.12158203125 0.08528645833333333
0 0.337890625 0.06575520833333333 0.123046875 0.07747395833333333
0 0.3486328125 0.013671875 0.14453125 0.02734375
0 0.059326171875 0.020182291666666668 0.11865234375 0.040364583333333336
0 0.067138671875 0.07747395833333333 0.13427734375 0.09244791666666667
0 0.0478515625 0.15364583333333334 0.095703125 0.07552083333333333
0 0.03759765625 0.5426432291666666 0.072265625 0.10807291666666667
0 0.21923828125 0.4729817708333333 0.13427734375 0.06901041666666667
0 0.219970703125 0.5859375 0.0693359375 0.1484375
0 0.14599609375 0.6389973958333334 0.0693359375 0.166015625
0 0.078857421875 0.6572265625 0.07373046875 0.18359375
0 0.03173828125 0.8522135416666666 0.0634765625 0.08723958333333333
0 0.02587890625 0.9303385416666666 0.04052734375 0.08528645833333333
0 0.149658203125 0.9527994791666666 0.07958984375 0.09440104166666667
0 0.97607421875 0.82421875 0.0478515625 0.07356770833333333