0 0.08251953125 0.9674479166666666 0.12060546875 0.06510416666666667
0 0.070068359375 0.8912760416666666 0.12060546875 0.06901041666666667
0 0.06201171875 0.8167317708333334 0.12158203125 0.08203125
0 0.063720703125 0.7405598958333334 0.12744140625 0.07096354166666667
0 0.06201171875 0.6627604166666666 0.1201171875 0.06575520833333333
0 0.060546875 0.5865885416666666 0.1201171875 0.08072916666666667
0 0.06005859375 0.4225260416666667 0.1201171875 0.083984375
0 0.0556640625 0.3382161458333333 0.111328125 0.08658854166666667
0 0.05126953125 0.2568359375 0.1025390625 0.087890625
0 0.053466796875 0.18326822916666666 0.10693359375 0.076171875
0 0.04736328125 0.10286458333333333 0.0947265625 0.08072916666666667
0 0.0576171875 0.029947916666666668 0.115234375 0.059895833333333336
0 0.35400390625 0.028971354166666668 0.12890625 0.057942708333333336
0 0.354736328125 0.09407552083333333 0.12353515625 0.078125
0 0.350830078125 0.1806640625 0.12841796875 0.07421875
0 0.35400390625 0.2666015625 0.12939453125 0.07552083333333333
0 0.33349609375 0.4658203125 0.12841796875 0.06575520833333333
0 0.3681640625 0.5895182291666666 0.13818359375 0.07161458333333333
0 0.37353515625 0.6787109375 0.1279296875 0.08463541666666667
0 0.372314453125 0.7610677083333334 0.12841796875 0.06510416666666667
0 0.36279296875 0.84375 0.1171875 0.07421875
0 0.70068359375 0.455078125 0.13037109375 0.07356770833333333
0 0.694091796875 0.380859375 0.12353515625 0.068359375
0 0.63232421875 0.2545572916666667 0.1259765625 0.08072916666666667
0 0.6298828125 0.17220052083333334 0.1259765625 0.06705729166666667
0 0.620361328125 0.09505208333333333 0.12646484375 0.07877604166666667
0 0.62158203125 0.028645833333333332 0.1240234375 0.0546875
0 0.756103515625 0.029622395833333332 0.11865234375 0.0546875
0 0.7578125 0.08268229166666667 0.1328125 0.07877604166666667
0 0.75341796875 0.1728515625 0.10888671875 0.06640625
0 0.75732421875 0.24055989583333334 0.12744140625 0.091796875
0 0.63623046875 0.5930989583333334 0.12548828125 0.072265625
0 0.763671875 0.5944010416666666 0.11669921875 0.06901041666666667
0 0.763427734375 0.6708984375 0.12646484375 0.07486979166666667
0 0.627685546875 0.6712239583333334 0.1298828125 0.07291666666666667
0 0.630615234375 0.7526041666666666 0.12744140625 0.07682291666666667
0 0.7626953125 0.7470703125 0.123046875 0.06575520833333333
0 0.634521484375 0.8349609375 0.123046875 0.06770833333333333
0 0.76171875 0.8294270833333334 0.12060546875 0.07096354166666667
0 0.768310546875 0.904296875 0.1201171875 0.072265625
0 0.770263671875 0.974609375 0.12060546875 0.047526041666666664
0 0.636962890625 0.9772135416666666 0.1376953125 0.045572916666666664
0 0.641845703125 0.9036458333333334 0.111328125 0.07877604166666667
0 0.3642578125 0.9248046875 0.13037109375 0.06901041666666667
0 0.37060546875 0.9830729166666666 0.11328125 0.033854166666666664