0 0.14697265625 0.048828125 0.0439453125 0.09765625
0 0.20849609375 0.048828125 0.056640625 0.09765625
0 0.268310546875 0.0458984375 0.05810546875 0.091796875
0 0.32275390625 0.02734375 0.05078125 0.0546875
0 0.38916015625 0.033203125 0.056640625 0.06640625
0 0.454833984375 0.027669270833333332 0.05517578125 0.055338541666666664
0 0.516357421875 0.022786458333333332 0.06201171875 0.045572916666666664
0 0.586669921875 0.020833333333333332 0.05517578125 0.041666666666666664
0 0.654296875 0.020833333333333332 0.0478515625 0.041666666666666664
0 0.7119140625 0.020833333333333332 0.0537109375 0.041666666666666664
0 0.775146484375 0.020833333333333332 0.05517578125 0.041666666666666664
0 0.838623046875 0.021809895833333332 0.05810546875 0.043619791666666664