0 0.15875 0.5841666666666666 0.08975 0.2006666666666667
0 0.468125 0.0415 0.056499999999999995 0.083
0 0.476125 0.1708333333333333 0.06374999999999997 0.17566666666666672
0 0.337125 0.14866666666666667 0.04049999999999998 0.06933333333333336
0 0.3365 0.2316666666666667 0.04500000000000004 0.06166666666666668
0 0.337875 0.31083333333333335 0.056499999999999995 0.06933333333333332
0 0.346625 0.39766666666666667 0.06525000000000003 0.08099999999999996
0 0.534 0.6533333333333333 0.052000000000000046 0.14100000000000001
0 0.450125 0.6003333333333333 0.05500000000000005 0.17000000000000007
0 0.38275000000000003 0.5935 0.06225000000000003 0.17933333333333343
0 0.123 0.9303333333333333 0.11575000000000002 0.08866666666666667