0 0.183625 0.9495 0.06 0.10066666666666653
0 0.2475 0.9278333333333334 0.05525000000000002 0.14433333333333329
0 0.315625 0.9135 0.06674999999999998 0.17300000000000004
0 0.39892578125 0.9762369791666666 0.076171875 0.047526041666666664
0 0.11325000000000002 0.8836666666666667 0.053000000000000005 0.06066666666666679
0 0.105375 0.8119999999999999 0.046499999999999986 0.06899999999999995
0 0.096125 0.727 0.04200000000000001 0.06533333333333324
0 0.09525 0.6448333333333335 0.048250000000000015 0.07000000000000006
0 0.09 0.5653333333333334 0.036750000000000005 0.06300000000000001
0 0.08875 0.48783333333333334 0.043999999999999984 0.0653333333333334
0 0.085625 0.4078333333333333 0.034 0.06266666666666672
0 0.089 0.32666666666666666 0.037750000000000006 0.06733333333333331
0 0.0895 0.24116666666666667 0.04350000000000001 0.07033333333333336
0 0.08712500000000001 0.16233333333333333 0.03875000000000001 0.07433333333333335
0 0.089 0.08283333333333333 0.04075000000000001 0.07033333333333332
0 0.084125 0.020666666666666667 0.027999999999999997 0.04133333333333333
0 0.21912500000000001 0.03 0.05475000000000002 0.06
0 0.22375 0.1455 0.04849999999999999 0.16333333333333333
0 0.22012500000000002 0.36250000000000004 0.0605 0.1556666666666667
0 0.24475 0.5976666666666667 0.07124999999999998 0.1413333333333333
0 0.753375 0.18383333333333332 0.07974999999999999 0.17566666666666664
0 0.757625 0.027 0.06875000000000009 0.054
0 0.825375 0.013166666666666667 0.05125000000000002 0.026333333333333334
0 0.9035 0.7666666666666667 0.09850000000000003 0.12600000000000003
0 0.82825 0.6473333333333332 0.09149999999999991 0.14733333333333332
0 0.81575 0.3686666666666667 0.06624999999999992 0.18766666666666673