0 0.112125 0.9535 0.09400000000000001 0.0773333333333334
0 0.11575000000000002 0.8821666666666667 0.136 0.0693333333333334
0 0.109875 0.7991666666666667 0.1215 0.0773333333333334
0 0.10925 0.7131666666666666 0.12025 0.07133333333333347
0 0.10775 0.6283333333333333 0.12875 0.08300000000000003
0 0.10925 0.5453333333333333 0.12025 0.09066666666666674
0 0.109875 0.4603333333333333 0.09550000000000002 0.07533333333333332
0 0.10625 0.38316666666666666 0.10850000000000001 0.07900000000000003
0 0.0955 0.29050000000000004 0.1215 0.07133333333333332
0 0.109875 0.20083333333333334 0.09850000000000002 0.07733333333333332
0 0.090375 0.03866666666666667 0.13175 0.07733333333333334
0 0.042625 0.12550000000000003 0.08525 0.09266666666666669