0 0.56201171875 0.9039713541666666 0.14990234375 0.07552083333333333
0 0.564453125 0.8115234375 0.138671875 0.072265625
0 0.555419921875 0.7317708333333334 0.13427734375 0.08138020833333333
0 0.5830078125 0.5501302083333334 0.11767578125 0.07096354166666667
0 0.581787109375 0.4664713541666667 0.123046875 0.07356770833333333
0 0.61572265625 0.3759765625 0.13623046875 0.07291666666666667
0 0.54736328125 0.2991536458333333 0.08203125 0.07161458333333333
0 0.564697265625 0.20930989583333334 0.1240234375 0.08528645833333333
0 0.5537109375 0.12076822916666667 0.12060546875 0.07877604166666667
0 0.552734375 0.037109375 0.11376953125 0.07421875
0 0.844482421875 0.033528645833333336 0.119140625 0.064453125
0 0.84130859375 0.1201171875 0.115234375 0.06510416666666667
0 0.83935546875 0.203125 0.125 0.07161458333333333
0 0.560791015625 0.9690755208333334 0.14208984375 0.061848958333333336
0 0.849853515625 0.2884114583333333 0.13330078125 0.06640625
0 0.867431640625 0.4638671875 0.14794921875 0.072265625
0 0.96923828125 0.4557291666666667 0.0615234375 0.08203125
0 0.96337890625 0.2893880208333333 0.0732421875 0.07682291666666667
0 0.97021484375 0.20703125 0.0595703125 0.07421875
0 0.9658203125 0.1259765625 0.068359375 0.06705729166666667
0 0.96044921875 0.042643229166666664 0.0791015625 0.076171875
0 0.869140625 0.568359375 0.1279296875 0.068359375
0 0.847412109375 0.7353515625 0.1142578125 0.06705729166666667
0 0.96533203125 0.7298177083333334 0.0693359375 0.07161458333333333
0 0.96484375 0.8079427083333334 0.0703125 0.07291666666666667
0 0.839599609375 0.8157552083333334 0.1279296875 0.059244791666666664
0 0.82861328125 0.8919270833333334 0.12451171875 0.07161458333333333
0 0.964599609375 0.8880208333333334 0.07080078125 0.07747395833333333
0 0.831298828125 0.9654947916666666 0.13720703125 0.06901041666666667
0 0.96240234375 0.9671223958333334 0.0751953125 0.06575520833333333