0 0.7431640625 0.21126302083333334 0.0625 0.16796875
0 0.42236328125 0.1416015625 0.1103515625 0.08072916666666667
0 0.1689453125 0.9267578125 0.087890625 0.06575520833333333
0 0.302001953125 0.15787760416666666 0.11083984375 0.07291666666666667
0 0.164306640625 0.1513671875 0.07861328125 0.07682291666666667
0 0.133544921875 0.006184895833333333 0.01708984375 0.012369791666666666
0 0.269287109375 0.8499348958333334 0.11669921875 0.09049479166666667
0 0.4287109375 0.84765625 0.12939453125 0.08203125
0 0.595947265625 0.5149739583333334 0.072265625 0.064453125
0 0.5771484375 0.3668619791666667 0.052734375 0.166015625
0 0.636474609375 0.3098958333333333 0.0595703125 0.169921875
0 0.45751953125 0.9423828125 0.1171875 0.08463541666666667