0 0.148375 0.16716666666666669 0.045999999999999985 0.15633333333333335
0 0.237375 0.217 0.06074999999999997 0.16566666666666666
0 0.304625 0.2185 0.05874999999999997 0.17400000000000002
0 0.21962500000000001 0.6396666666666667 0.0615 0.16066666666666674
0 0.23425 0.8119999999999999 0.058499999999999996 0.1633333333333334
0 0.533125 0.2316666666666667 0.07850000000000001 0.17700000000000005
0 0.10974999999999999 0.9623333333333334 0.03374999999999999 0.0650000000000001
0 0.099125 0.8931666666666667 0.022999999999999993 0.054666666666666565
0 0.0995 0.8113333333333334 0.03275 0.06366666666666661
0 0.100375 0.7321666666666666 0.036750000000000005 0.06699999999999988
0 0.09125 0.6523333333333334 0.033 0.05833333333333335
0 0.084125 0.57 0.026749999999999996 0.05866666666666672
0 0.0915 0.4911666666666667 0.04325000000000001 0.05900000000000002
0 0.08687500000000001 0.4103333333333334 0.04000000000000001 0.06400000000000006
0 0.08762500000000001 0.32150000000000006 0.04325000000000001 0.0726666666666667
0 0.88525 0.8500000000000001 0.05525000000000002 0.1609999999999999
0 0.8200000000000001 0.8606666666666666 0.05974999999999997 0.15833333333333321
0 0.818875 0.7041666666666666 0.05750000000000011 0.13099999999999992
0 0.8153750000000001 0.5208333333333334 0.053749999999999964 0.16600000000000006
0 0.86525 0.2655 0.10099999999999998 0.15466666666666665
0 0.8825000000000001 0.07700000000000001 0.10850000000000004 0.132
0 0.982125 0.018 0.03574999999999995 0.036
0 0.973625 0.15033333333333335 0.052749999999999964 0.08466666666666668