0 0.810625 0.21816666666666665 0.05750000000000011 0.19000000000000003
0 0.229125 0.5228333333333334 0.057750000000000024 0.16566666666666663
0 0.213375 0.34850000000000003 0.055499999999999994 0.164
0 0.32075 0.7928333333333333 0.12549999999999994 0.07566666666666677
0 0.3695 0.9288333333333334 0.12649999999999995 0.0866666666666666
0 0.1115 0.9746666666666667 0.0295 0.04900000000000008
0 0.10250000000000001 0.9088333333333334 0.0315 0.06533333333333324
0 0.0955 0.8355 0.024249999999999994 0.057000000000000085
0 0.1045 0.7578333333333332 0.05100000000000002 0.06999999999999999
0 0.099875 0.6843333333333333 0.037750000000000006 0.06466666666666665
0 0.092375 0.6076666666666667 0.0315 0.06266666666666672
0 0.08637500000000001 0.5263333333333333 0.031 0.055000000000000014
0 0.091375 0.44166666666666665 0.04100000000000001 0.05699999999999994
0 0.083625 0.36050000000000004 0.028749999999999998 0.06366666666666665
0 0.07775 0.277 0.023999999999999994 0.06100000000000002
0 0.092 0.1985 0.046750000000000014 0.06666666666666665
0 0.0845 0.1165 0.037500000000000006 0.06100000000000002
0 0.090625 0.029833333333333333 0.04375000000000001 0.059666666666666666
0 0.40875 0.9861666666666666 0.11399999999999999 0.027666666666666728
0 0.52025 0.9598333333333334 0.04600000000000004 0.08033333333333322
0 0.824625 0.5735 0.07400000000000007 0.17366666666666664
0 0.896375 0.5646666666666667 0.07800000000000007 0.15899999999999995
0 0.819875 0.4088333333333333 0.06099999999999994 0.15133333333333335
0 0.8435 0.021333333333333333 0.0605 0.042666666666666665