0 0.6748046875 0.9375 0.06640625 0.125
0 0.285400390625 0.0478515625 0.11181640625 0.095703125
0 0.23974609375 0.16471354166666666 0.126953125 0.08203125
0 0.240478515625 0.2526041666666667 0.11279296875 0.07877604166666667
0 0.236572265625 0.556640625 0.1279296875 0.126953125
0 0.494140625 0.5983072916666666 0.0546875 0.17838541666666666
0 0.61328125 0.580078125 0.0537109375 0.181640625
0 0.206787109375 0.9615885416666666 0.11279296875 0.07682291666666667
0 0.342529296875 0.9664713541666666 0.10693359375 0.06705729166666667
0 0.856689453125 0.9283854166666666 0.03662109375 0.14322916666666666
0 0.799560546875 0.9293619791666666 0.06689453125 0.14127604166666666
0 0.74072265625 0.9352213541666666 0.0595703125 0.12955729166666666
0 0.61279296875 0.9352213541666666 0.05859375 0.12955729166666666
0 0.673583984375 0.5738932291666666 0.05615234375 0.16796875
0 0.734375 0.5768229166666666 0.0546875 0.14908854166666666
0 0.797119140625 0.5693359375 0.0546875 0.17317708333333334
0 0.85498046875 0.5758463541666666 0.0400390625 0.16927083333333334