0 0.8532500000000001 0.9313333333333333 0.06525000000000003 0.1373333333333333
0 0.8395 0.6948333333333334 0.06075000000000008 0.17366666666666664
0 0.842375 0.48350000000000004 0.05800000000000005 0.164
0 0.83075 0.3205 0.0694999999999999 0.16600000000000004
0 0.9465 0.03766666666666667 0.10699999999999998 0.07533333333333334
0 0.96825 0.11583333333333334 0.06349999999999989 0.07333333333333332
0 0.979125 0.25766666666666665 0.03624999999999989 0.07133333333333332
0 0.966875 0.3416666666666666 0.052000000000000046 0.07333333333333336
0 0.9805 0.41883333333333334 0.038999999999999924 0.0773333333333334
0 0.979875 0.5105000000000001 0.031749999999999945 0.08300000000000003
0 0.969 0.7345 0.05075000000000007 0.0829999999999999
0 0.977 0.8213333333333334 0.031749999999999945 0.07533333333333332
0 0.971875 0.9671666666666666 0.04475000000000007 0.06566666666666669