0 0.15185546875 0.0302734375 0.0537109375 0.060546875
0 0.205322265625 0.033203125 0.06787109375 0.06640625
0 0.273193359375 0.02734375 0.06787109375 0.0546875
0 0.343505859375 0.0244140625 0.05517578125 0.048828125
0 0.40283203125 0.0234375 0.060546875 0.046875
0 0.46240234375 0.023763020833333332 0.0693359375 0.047526041666666664
0 0.522216796875 0.022786458333333332 0.05908203125 0.045572916666666664
0 0.591064453125 0.0263671875 0.06396484375 0.052734375
0 0.65185546875 0.019856770833333332 0.060546875 0.039713541666666664
0 0.721923828125 0.020833333333333332 0.05908203125 0.041666666666666664
0 0.78173828125 0.019856770833333332 0.0537109375 0.039713541666666664
0 0.837890625 0.01953125 0.0537109375 0.0390625