0 0.853271484375 0.9313151041666666 0.0654296875 0.13736979166666666
0 0.839599609375 0.6949869791666666 0.060546875 0.173828125
0 0.84228515625 0.4833984375 0.05810546875 0.1640625
0 0.830810546875 0.3206380208333333 0.0693359375 0.166015625
0 0.946533203125 0.037760416666666664 0.10693359375 0.07552083333333333
0 0.96826171875 0.11588541666666667 0.0634765625 0.07356770833333333
0 0.97900390625 0.2578125 0.0361328125 0.07161458333333333
0 0.966796875 0.341796875 0.0517578125 0.07356770833333333
0 0.98046875 0.4189453125 0.0390625 0.07747395833333333
0 0.97998046875 0.5104166666666666 0.03173828125 0.08268229166666667
0 0.968994140625 0.734375 0.05078125 0.08268229166666667
0 0.97705078125 0.8212890625 0.03173828125 0.07552083333333333
0 0.971923828125 0.9671223958333334 0.044921875 0.06575520833333333