0 0.062375 0.8773333333333334 0.11274999999999999 0.07233333333333321
0 0.07075000000000001 0.9860000000000001 0.089 0.027999999999999876
0 0.183 0.7978333333333333 0.12275000000000001 0.07666666666666681
0 0.17400000000000002 0.6831666666666667 0.0605 0.1573333333333334
0 0.24224999999999997 0.6401666666666667 0.055249999999999994 0.1596666666666667
0 0.307625 0.6173333333333333 0.06174999999999997 0.1746666666666666
0 0.384375 0.7206666666666667 0.10575000000000001 0.1286666666666667
0 0.10237500000000001 0.5828333333333333 0.055749999999999994 0.06366666666666661
0 0.095125 0.5083333333333334 0.047000000000000014 0.06366666666666661
0 0.089 0.42383333333333334 0.03950000000000001 0.06366666666666661
0 0.08700000000000001 0.3413333333333333 0.04000000000000001 0.0736666666666667
0 0.08650000000000001 0.258 0.04000000000000001 0.0776666666666667
0 0.085625 0.17816666666666667 0.038250000000000006 0.07766666666666668
0 0.084125 0.09866666666666667 0.032 0.07666666666666666
0 0.08650000000000001 0.0305 0.032 0.061
0 0.214375 0.0635 0.056499999999999995 0.127
0 0.237875 0.289 0.0685 0.14566666666666664
0 0.9061250000000001 0.4703333333333333 0.10450000000000004 0.1326666666666667
0 0.82575 0.3403333333333334 0.08450000000000002 0.14333333333333334
0 0.815125 0.07333333333333333 0.0734999999999999 0.14666666666666667