0 0.942138671875 0.4156901041666667 0.11572265625 0.08203125
0 0.82177734375 0.5048828125 0.12548828125 0.08723958333333333
0 0.83447265625 0.626953125 0.05517578125 0.14908854166666666
0 0.903564453125 0.7265625 0.05712890625 0.068359375
0 0.906982421875 0.8030598958333334 0.0498046875 0.07096354166666667
0 0.912109375 0.8841145833333334 0.0380859375 0.061848958333333336
0 0.90966796875 0.9661458333333334 0.04052734375 0.06770833333333333
0 0.76953125 0.9755859375 0.04931640625 0.048828125
0 0.605224609375 0.8642578125 0.1171875 0.040364583333333336
0 0.619384765625 0.5804036458333334 0.1259765625 0.154296875
0 0.697509765625 0.6904296875 0.07177734375 0.19075520833333334
0 0.767333984375 0.6725260416666666 0.0595703125 0.1796875
0 0.650634765625 0.19694010416666666 0.1279296875 0.07421875
0 0.664794921875 0.10807291666666667 0.1708984375 0.08658854166666667
0 0.64306640625 0.036458333333333336 0.12646484375 0.07291666666666667
0 0.37109375 0.20768229166666666 0.1298828125 0.07942708333333333
0 0.24365234375 0.208984375 0.12646484375 0.07291666666666667
0 0.238525390625 0.12923177083333334 0.1298828125 0.07747395833333333
0 0.369140625 0.12337239583333333 0.12255859375 0.06705729166666667
0 0.37109375 0.043619791666666664 0.1201171875 0.08723958333333333
0 0.240966796875 0.043294270833333336 0.125 0.083984375
0 0.094970703125 0.8466796875 0.09765625 0.130859375
0 0.17724609375 0.9524739583333334 0.08251953125 0.09505208333333333