0 0.659625 0.8923333333333333 0.11874999999999991 0.06566666666666669
0 0.329125 0.6338333333333334 0.06499999999999995 0.1583333333333333
0 0.33925 0.4535 0.05349999999999999 0.1293333333333333
0 0.646625 0.020833333333333332 0.12725000000000009 0.041666666666666664
0 0.6445 0.082 0.13175000000000003 0.077
0 0.639375 0.164 0.11874999999999991 0.08666666666666667
0 0.65825 0.25083333333333335 0.11575000000000002 0.07533333333333332
0 0.661125 0.327 0.12149999999999994 0.07700000000000003
0 0.65025 0.41483333333333333 0.11149999999999993 0.07900000000000003
0 0.654625 0.49100000000000005 0.123 0.0733333333333334
0 0.65025 0.5691666666666667 0.1200000000000001 0.07133333333333332
0 0.652375 0.6463333333333333 0.12450000000000006 0.07533333333333332
0 0.656 0.7331666666666666 0.12575000000000003 0.06766666666666676
0 0.659625 0.8113333333333334 0.11874999999999991 0.07333333333333325
0 0.6655 0.9673333333333334 0.10699999999999998 0.06533333333333324
0 0.93025 0.03233333333333333 0.11874999999999991 0.06466666666666666
0 0.951375 0.09366666666666668 0.09725000000000006 0.07333333333333332
0 0.949875 0.1805 0.10024999999999995 0.06933333333333332
0 0.949875 0.25383333333333336 0.10024999999999995 0.07700000000000003
0 0.9535 0.3376666666666667 0.09299999999999997 0.07533333333333332
0 0.9550000000000001 0.41100000000000003 0.08999999999999997 0.06366666666666661
0 0.95425 0.49583333333333335 0.09149999999999991 0.07900000000000003
0 0.951375 0.5826666666666667 0.09725000000000006 0.07133333333333332
0 0.9373750000000001 0.7736666666666667 0.11575000000000002 0.07533333333333332
0 0.9535 0.899 0.09299999999999997 0.07900000000000003
0 0.9550000000000001 0.976 0.08999999999999997 0.04800000000000004