0 0.155029296875 0.6790364583333334 0.06005859375 0.14453125
0 0.20751953125 0.3033854166666667 0.046875 0.17513020833333334
0 0.270263671875 0.3186848958333333 0.056640625 0.14778645833333334
0 0.328125 0.3154296875 0.044921875 0.15755208333333334
0 0.3896484375 0.3170572916666667 0.05419921875 0.173828125
0 0.449462890625 0.31640625 0.04833984375 0.162109375
0 0.504150390625 0.3313802083333333 0.044921875 0.173828125
0 0.56884765625 0.3219401041666667 0.0556640625 0.1640625
0 0.63818359375 0.3111979166666667 0.0517578125 0.16536458333333334
0 0.63818359375 0.8453776041666666 0.05419921875 0.162109375
0 0.6357421875 0.6725260416666666 0.05908203125 0.173828125
0 0.575927734375 0.6627604166666666 0.05322265625 0.173828125
0 0.57373046875 0.84375 0.05322265625 0.16927083333333334
0 0.516845703125 0.8447265625 0.04833984375 0.16731770833333334
0 0.5126953125 0.6702473958333334 0.056640625 0.181640625
0 0.455322265625 0.6708984375 0.05322265625 0.173828125
0 0.455322265625 0.8444010416666666 0.0458984375 0.17057291666666666
0 0.3974609375 0.8509114583333334 0.06298828125 0.173828125
0 0.7353515625 0.2679036458333333 0.07275390625 0.17643229166666666
0 0.742431640625 0.7679036458333334 0.05712890625 0.171875
0 0.802734375 0.7591145833333334 0.0537109375 0.171875
0 0.866455078125 0.3131510416666667 0.01708984375 0.17122395833333334
0 0.1591796875 0.8453776041666666 0.06396484375 0.162109375
0 0.21826171875 0.8479817708333334 0.05419921875 0.14518229166666666
0 0.2158203125 0.67578125 0.05908203125 0.18684895833333334
0 0.27490234375 0.6676432291666666 0.04931640625 0.1640625
0 0.283447265625 0.83984375 0.046875 0.16731770833333334
0 0.33837890625 0.8551432291666666 0.04833984375 0.15625
0 0.3359375 0.6852213541666666 0.05322265625 0.17057291666666666
0 0.398193359375 0.6803385416666666 0.0615234375 0.16731770833333334