0 0.132375 0.8791666666666668 0.10849999999999999 0.06766666666666676
0 0.124375 0.7885 0.13025 0.06366666666666661
0 0.12225 0.7065 0.123 0.0773333333333334
0 0.112875 0.6196666666666667 0.136 0.08499999999999996
0 0.11424999999999999 0.5288333333333334 0.12149999999999998 0.06166666666666668
0 0.111375 0.443 0.11875000000000002 0.07133333333333332
0 0.109875 0.359 0.13024999999999998 0.08099999999999996
0 0.10262500000000001 0.2635 0.13025 0.07533333333333332
0 0.116375 0.18633333333333335 0.11425000000000002 0.07533333333333332
0 0.117125 0.09749999999999999 0.1215 0.05966666666666667
0 0.128 0.025166666666666667 0.126 0.050333333333333334