0 0.01625 0.9495 0.0325 0.06666666666666672
0 0.26075 0.5271666666666667 0.11750000000000002 0.1286666666666667
0 0.09912500000000002 0.4216666666666667 0.12200000000000001 0.121
0 0.094125 0.9541666666666667 0.11500000000000002 0.06366666666666661
0 0.0165 0.9526666666666667 0.033 0.06966666666666654
0 0.0063750000000000005 0.7185 0.012750000000000001 0.058999999999999865
0 0.010375 0.8018333333333333 0.02075 0.06899999999999995
0 0.007875 0.8728333333333333 0.01575 0.05133333333333331
0 0.08862499999999998 0.8728333333333333 0.12149999999999998 0.07599999999999991
0 0.07524999999999998 0.7185 0.12099999999999998 0.0643333333333332
0 0.081875 0.7945000000000001 0.10925000000000001 0.0730000000000001
0 0.608375 0.11166666666666668 0.12525000000000008 0.11333333333333333
0 0.34650000000000003 0.9593333333333334 0.118 0.07066666666666659
0 0.356625 0.8744999999999999 0.11499999999999999 0.07766666666666655
0 0.659625 0.9775 0.121 0.04499999999999993
0 0.661625 0.9061666666666667 0.13424999999999998 0.08066666666666666
0 0.511625 0.6836666666666668 0.11925000000000002 0.14433333333333329
0 0.377625 0.6061666666666666 0.11399999999999999 0.152