0 0.757568359375 0.154296875 0.1201171875 0.07161458333333333
0 0.18896484375 0.6009114583333334 0.1376953125 0.13932291666666666
0 0.330078125 0.6712239583333334 0.11279296875 0.11393229166666667
0 0.447265625 0.7473958333333334 0.11572265625 0.123046875
0 0.59912109375 0.861328125 0.11865234375 0.123046875
0 0.7685546875 0.9440104166666666 0.11865234375 0.09635416666666667
0 0.62890625 0.5660807291666666 0.12890625 0.06575520833333333
0 0.753173828125 0.5611979166666666 0.1201171875 0.055989583333333336
0 0.75537109375 0.4840494791666667 0.12744140625 0.08268229166666667
0 0.7568359375 0.4059244791666667 0.13037109375 0.07747395833333333
0 0.750244140625 0.3134765625 0.1259765625 0.07747395833333333
0 0.759765625 0.24088541666666666 0.13037109375 0.06770833333333333
0 0.75537109375 0.07877604166666667 0.11572265625 0.07942708333333333
0 0.75537109375 0.018880208333333332 0.11279296875 0.037760416666666664
0 0.62158203125 0.017903645833333332 0.12890625 0.035807291666666664
0 0.620849609375 0.07421875 0.13623046875 0.08072916666666667
0 0.62939453125 0.1552734375 0.11865234375 0.08072916666666667
0 0.626708984375 0.2392578125 0.1328125 0.07161458333333333
0 0.619384765625 0.31640625 0.13330078125 0.07161458333333333
0 0.623779296875 0.3951822916666667 0.13623046875 0.07552083333333333
0 0.620849609375 0.4814453125 0.12744140625 0.08138020833333333
0 0.348876953125 0.4163411458333333 0.1220703125 0.061197916666666664
0 0.353759765625 0.3304036458333333 0.1142578125 0.07877604166666667
0 0.35791015625 0.2561848958333333 0.10888671875 0.06901041666666667
0 0.34423828125 0.171875 0.1240234375 0.07747395833333333
0 0.35498046875 0.08365885416666667 0.12939453125 0.07421875
0 0.35791015625 0.023111979166666668 0.134765625 0.046223958333333336
0 0.050537109375 0.3841145833333333 0.10107421875 0.06770833333333333
0 0.052978515625 0.3020833333333333 0.10595703125 0.07747395833333333
0 0.06201171875 0.22591145833333334 0.1240234375 0.06901041666666667
0 0.05908203125 0.1435546875 0.1181640625 0.07877604166666667
0 0.05908203125 0.06901041666666667 0.1181640625 0.080078125
0 0.058349609375 0.013346354166666666 0.11669921875 0.026692708333333332