0 0.65966796875 0.8922526041666666 0.11865234375 0.06575520833333333
0 0.3291015625 0.6337890625 0.06494140625 0.158203125
0 0.33935546875 0.4534505208333333 0.0537109375 0.12955729166666666
0 0.646728515625 0.020833333333333332 0.12744140625 0.041666666666666664
0 0.64453125 0.08203125 0.1318359375 0.07682291666666667
0 0.639404296875 0.1640625 0.11865234375 0.08658854166666667
0 0.658203125 0.2509765625 0.11572265625 0.07552083333333333
0 0.6611328125 0.3271484375 0.12158203125 0.07682291666666667
0 0.650146484375 0.4147135416666667 0.111328125 0.07877604166666667
0 0.654541015625 0.4908854166666667 0.123046875 0.07356770833333333
0 0.650146484375 0.5690104166666666 0.1201171875 0.07161458333333333
0 0.65234375 0.646484375 0.12451171875 0.07552083333333333
0 0.656005859375 0.7330729166666666 0.1259765625 0.06770833333333333
0 0.65966796875 0.8111979166666666 0.11865234375 0.07356770833333333
0 0.66552734375 0.9674479166666666 0.10693359375 0.06510416666666667
0 0.93017578125 0.0322265625 0.11865234375 0.064453125
0 0.951416015625 0.09375 0.09716796875 0.07356770833333333
0 0.949951171875 0.18033854166666666 0.10009765625 0.06901041666666667
0 0.949951171875 0.25390625 0.10009765625 0.07682291666666667
0 0.95361328125 0.3375651041666667 0.0927734375 0.07552083333333333
0 0.955078125 0.4111328125 0.08984375 0.06380208333333333
0 0.954345703125 0.4957682291666667 0.09130859375 0.07877604166666667
0 0.951416015625 0.5826822916666666 0.09716796875 0.07161458333333333
0 0.937255859375 0.7737630208333334 0.11572265625 0.07552083333333333
0 0.95361328125 0.8990885416666666 0.0927734375 0.07877604166666667
0 0.955078125 0.9759114583333334 0.08984375 0.048177083333333336