0 0.660375 0.49583333333333335 0.1459999999999999 0.07133333333333332
0 0.661125 0.6578333333333334 0.15050000000000008 0.07900000000000003
0 0.6647500000000001 0.5711666666666667 0.14900000000000002 0.07900000000000003
0 0.65025 0.4081666666666666 0.1432500000000001 0.06566666666666669
0 0.653875 0.33383333333333337 0.13024999999999998 0.07533333333333332
0 0.6567500000000001 0.25383333333333336 0.1359999999999999 0.06933333333333332
0 0.64875 0.166 0.13450000000000006 0.08300000000000002
0 0.64375 0.08116666666666666 0.139 0.079
0 0.65175 0.019833333333333335 0.13175000000000003 0.03966666666666667
0 0.951375 0.09849999999999999 0.09725000000000006 0.079
0 0.9550000000000001 0.18916666666666668 0.08999999999999997 0.07533333333333332
0 0.953375 0.26916666666666667 0.08975 0.08500000000000003
0 0.7805 0.3685 0.06800000000000006 0.17933333333333332
0 0.80075 0.8681666666666668 0.13450000000000006 0.11366666666666674
0 0.92725 0.9298333333333333 0.09850000000000003 0.11366666666666674
0 0.951375 0.6761666666666667 0.09725000000000006 0.0693333333333334
0 0.952125 0.5923333333333334 0.09575 0.07533333333333332
0 0.9535 0.5141666666666667 0.09299999999999997 0.06566666666666669
0 0.949125 0.438 0.10175000000000001 0.06766666666666661
0 0.952125 0.35400000000000004 0.09575 0.06933333333333336