0 0.0908203125 0.6722005208333334 0.099609375 0.061197916666666664
0 0.06298828125 0.6044921875 0.09619140625 0.08268229166666667
0 0.059326171875 0.5345052083333334 0.09423828125 0.06901041666666667
0 0.074951171875 0.4534505208333333 0.1015625 0.06640625
0 0.05322265625 0.3798828125 0.0908203125 0.059895833333333336
0 0.068359375 0.2981770833333333 0.0947265625 0.08268229166666667
0 0.044189453125 0.20247395833333334 0.08837890625 0.083984375
0 0.038330078125 0.06477864583333333 0.07666015625 0.12760416666666666
0 0.6474609375 0.030924479166666668 0.1240234375 0.057942708333333336
0 0.648193359375 0.0947265625 0.1259765625 0.07356770833333333
0 0.648681640625 0.17610677083333334 0.10791015625 0.072265625
0 0.6474609375 0.2639973958333333 0.1259765625 0.07877604166666667
0 0.6416015625 0.34375 0.12353515625 0.072265625
0 0.64990234375 0.4280598958333333 0.12890625 0.07552083333333333
0 0.648193359375 0.5009765625 0.1259765625 0.068359375
0 0.658447265625 0.5865885416666666 0.13037109375 0.09440104166666667
0 0.64501953125 0.6722005208333334 0.11181640625 0.07161458333333333
0 0.659423828125 0.7526041666666666 0.13134765625 0.068359375
0 0.671142578125 0.8310546875 0.09423828125 0.08072916666666667
0 0.658447265625 0.9140625 0.1240234375 0.07682291666666667
0 0.661865234375 0.9765625 0.11865234375 0.046875
0 0.94482421875 0.97265625 0.1103515625 0.048828125
0 0.949462890625 0.9069010416666666 0.10107421875 0.07486979166666667
0 0.944580078125 0.71484375 0.11083984375 0.087890625
0 0.94677734375 0.6061197916666666 0.1015625 0.07747395833333333
0 0.948486328125 0.4993489583333333 0.1015625 0.07552083333333333
0 0.948486328125 0.421875 0.10302734375 0.07552083333333333
0 0.951904296875 0.3333333333333333 0.09619140625 0.07486979166666667
0 0.94091796875 0.2545572916666667 0.11328125 0.07096354166666667
0 0.947509765625 0.17024739583333334 0.10498046875 0.06901041666666667
0 0.945556640625 0.09602864583333333 0.107421875 0.0703125
0 0.940673828125 0.02734375 0.1171875 0.048828125