0 0.25048828125 0.96875 0.1171875 0.061197916666666664
0 0.287841796875 0.8502604166666666 0.1240234375 0.08072916666666667
0 0.288818359375 0.7604166666666666 0.13037109375 0.078125
0 0.604736328125 0.8736979166666666 0.12060546875 0.08203125
0 0.73388671875 0.8544921875 0.12255859375 0.078125
0 0.298828125 0.4557291666666667 0.1328125 0.10481770833333333
0 0.762451171875 0.011393229166666666 0.12060546875 0.022786458333333332
0 0.7705078125 0.0732421875 0.11865234375 0.07942708333333333
0 0.653076171875 0.07486979166666667 0.09814453125 0.07682291666666667
0 0.515625 0.07942708333333333 0.12451171875 0.07161458333333333
0 0.32421875 0.0400390625 0.1162109375 0.080078125
0 0.182861328125 0.030924479166666668 0.09912109375 0.061848958333333336