0 0.33251953125 0.8932291666666666 0.0517578125 0.1484375
0 0.3427734375 0.7099609375 0.0517578125 0.140625
0 0.656005859375 0.9365234375 0.1259765625 0.06901041666666667
0 0.65966796875 0.8623046875 0.11865234375 0.059895833333333336
0 0.658203125 0.7841796875 0.13037109375 0.06575520833333333
0 0.648193359375 0.7041015625 0.11572265625 0.06770833333333333
0 0.661865234375 0.6240234375 0.12890625 0.061848958333333336
0 0.660400390625 0.5423177083333334 0.123046875 0.07552083333333333
0 0.64453125 0.4573567708333333 0.1201171875 0.06770833333333333
0 0.648681640625 0.380859375 0.1318359375 0.06901041666666667
0 0.6474609375 0.2913411458333333 0.13427734375 0.07161458333333333
0 0.646728515625 0.21223958333333334 0.13623046875 0.07161458333333333
0 0.6474609375 0.12565104166666666 0.14306640625 0.07161458333333333
0 0.658935546875 0.050455729166666664 0.14013671875 0.07552083333333333
0 0.947021484375 0.06477864583333333 0.10595703125 0.06901041666666667
0 0.947021484375 0.13899739583333334 0.10595703125 0.07552083333333333
0 0.935302734375 0.228515625 0.111328125 0.07682291666666667
0 0.9404296875 0.310546875 0.119140625 0.06770833333333333
0 0.95361328125 0.39453125 0.0927734375 0.06901041666666667
0 0.949951171875 0.4697265625 0.10009765625 0.07356770833333333
0 0.95263671875 0.546875 0.0947265625 0.06575520833333333
0 0.9521484375 0.626953125 0.095703125 0.059895833333333336
0 0.95361328125 0.7099609375 0.0927734375 0.07552083333333333
0 0.95361328125 0.787109375 0.0927734375 0.06770833333333333
0 0.949951171875 0.8681640625 0.10009765625 0.06380208333333333